340
611
665
662
775
814
832
576
591
620
622
588
4867
4875
4954
4967
4998
5028
5073
5080
5115
5126
5040
5006
5054
5051
5095
5099
5088
2964
5172
4971
5025
4857
4952
4743
1615
4851
2482
2481
1624
1622
2472
2494
1671
4717
1658
1690
5815
3502
5435
5480
2779
5952
5561
5464
5542
5480
5474
6041
5583
5591
5493
5549
5505
5737
5560
5647
5761
5572
5612
5789
5078
5568
5667
5679
5717
5632
5653
5722
5582
5640
5700
4943
4681
4692
4476
5041
4987
4850
4718
3512
3568
4512
6535
4548
3520
4529
4557
3585
6430
3595
6869
6611
6995
6794
7261
6769
7324
6995
7421
6892
7463
7047
4909
4919
7591
4613
4797
4522
4692
4486
7473
4434
3504
4852
5159
6781
6788
5189
5204
7712
5222
5207
6826
7742
5201
6849
5485
5934
7729
5832
6616
5925
5724
6986
5909
2986
6616
5669
6593
6437
6464
6424
8241
8241
6502
6456
4392
8274
6444
6979
6851
6352
6652
6410
8805
8706
8850
8987
8830
8992
8963
8958
4588
8812
8808
8814
8707
8786
6840
8695
8663
6766
8577
6691
6754
6716
8607
8550
8537
6555
8408
4253
8433
6777
6642
8321
6604
6600
