877
1714
1740
1590
1640
1605
1655
1653
12778
12959
13388
11357
13562
11429
13669
13775
11570
13880
13479
13750
13573
13793
13659
11705
11679
13801
13776
13662
13822
11451
6077
6017
7008
8667
6061
11685
13608
8801
13675
4689
11394
8783
6134
4656
6411
6483
14521
14379
15844
15894
15808
13077
15981
15993
16051
16091
16026
13430
15994
16102
13401
13490
15980
16137
15846
16115
16036
16140
15997
16092
15971
16132
16046
9334
9407
14580
9524
14574
9476
9359
9337
9281
6961
9146
9377
6174
6365
6534
5874
5731
10765
10799
10779
18543
18583
10865
10668
10792
18612
18618
7481
7735
19048
10920
19047
10462
10834
10866
19107
15124
11436
11240
10883
10937
11234
11165
10983
10811
10739
10691
10610
10242
6537
19098
19083
10050
18933
18876
9850
17802
17638
9586
17336
17461
9565
17307
9449
17030
17136
16816
16896
15745
8390
7666
7675
7384
7272
7159
7021
6823
