694
2285
2357
2367
2681
2723
2736
879
908
944
943
930
14332
14318
14450
14521
14818
14869
14891
14931
12440
15069
15142
15119
12533
15171
12419
12431
14950
12299
15006
14912
14984
14796
14912
14581
4521
14817
5844
7578
4516
4492
7648
7673
4604
14497
4597
4681
16157
8958
15513
15655
12323
16420
15659
15533
15816
15603
12486
16705
15783
16046
15821
15652
16021
16280
16040
15818
16433
16085
16106
16609
16090
15903
16167
16623
15997
16305
16274
16674
16102
16381
16542
13171
12765
12784
12132
13369
13224
12984
9950
9011
8836
11133
17070
13693
8998
13654
13696
9088
17380
9126
18171
18053
18543
17957
18632
17768
18990
18237
19201
13986
19244
18159
9102
9254
19210
8518
8889
8322
8724
8224
18770
8168
7434
11675
11728
17640
17638
11844
11634
18560
11870
11847
17686
18099
11833
17703
12305
13705
18362
13737
15612
13413
12924
15884
13031
15496
14814
12666
15124
15121
13709
13649
19702
19878
13753
13882
15301
19923
13678
16252
15827
14214
14522
13674
21060
21037
15976
21335
21068
21277
21318
21229
21188
20997
21001
15659
20985
20964
15131
15580
20797
15052
20328
14699
15040
14843
15189
20121
20074
14681
19951
19977
19679
15065
14914
19551
14838
14776
