382
1280
2094
954
929
956
947
939
8523
8740
8725
6529
9025
8531
6931
8945
8546
8960
8529
8774
8542
8766
8563
8730
8749
8598
8702
8514
8513
8342
2643
2561
4371
4387
2582
8416
8114
4484
8184
2729
8031
4507
2652
2719
1951
2024
8475
8472
7338
7312
9961
9950
9973
7328
9955
9996
9935
7431
9974
10009
9969
9982
9988
10030
9784
10029
10014
10044
9951
10009
9884
10059
9988
4891
5154
8523
6222
8522
6163
6240
6227
6143
6172
5403
5531
5741
5983
6016
5743
5544
8319
8360
8330
11985
12039
8382
8296
8394
12062
12088
8416
8494
13912
9691
13883
9876
9570
9638
13913
13976
6345
10553
9725
9952
12033
12213
13343
13427
13524
13575
13556
13569
13577
14897
15272
13558
14766
15386
13521
11458
15688
13177
16731
11362
13134
16755
13080
16686
11354
16610
16552
16461
12731
12637
12593
11718
6869
9123
6906
5466
