650
630
640
1795
1256
4239
7743
7804
7840
7916
7665
7762
7681
7765
7674
7730
7729
7687
7845
5917
7850
7334
7825
4303
4308
3784
3754
3757
3831
3804
3820
3145
7576
10239
6311
6907
7692
7873
10258
7830
7713
7697
10259
10273
10287
10271
7190
10207
7835
7856
10239
10278
10281
10269
7831
10286
6900
6919
6632
6737
4868
6793
6960
6944
6820
8243
8297
8329
8335
8350
8290
7534
8155
8075
6868
7912
6839
1336
3137
5760
5747
2793
7723
7889
9160
9171
7690
7700
8708
7621
8729
7766
8721
8739
7842
8718
6253
8644
8656
8546
