303
813
1640
1006
978
984
991
995
7288
7443
7458
7408
7760
7466
7774
7694
7561
7779
7485
7661
7599
7713
5688
7740
5779
7672
7734
7643
7766
7692
2290
2259
4004
4018
2291
5827
5701
4099
7890
2325
7773
4096
2320
2334
4168
4215
7212
7268
7548
7892
7530
7477
7998
8007
8047
8062
8046
8071
5678
5720
8072
8076
8051
8125
8201
8120
8086
8161
8222
8194
8134
8215
8275
7033
7083
7392
3967
7312
3940
4009
3995
3952
3977
6927
7020
4572
4658
4727
2176
2147
5114
5144
4550
7107
10077
8904
4992
5111
10154
10148
5108
8940
11264
5246
11744
4932
5120
5176
11606
11202
9951
9828
5071
5204
10705
10702
10917
10775
10769
5957
10665
10286
5612
12585
13338
10274
13326
13382
10247
14090
13904
10189
13959
13979
10118
13903
9523
13702
13786
13572
13542
13370
9219
8853
4569
8784
8719
8630
8533
8388
