289
1192
1200
595
595
603
594
619
6312
6422
4900
6538
4931
6539
6708
6725
6539
5001
6548
6652
6560
6658
6548
6634
6640
6502
6608
6602
6412
6373
1911
1884
3237
3163
1896
6308
6328
3351
6249
1937
6221
3374
1932
1946
2987
3080
6980
7070
6069
6206
6094
6080
6246
4056
6220
4072
6143
6236
6241
6254
6200
6233
6260
6290
6028
6263
6247
6297
6129
6246
6014
6295
6196
5184
5351
7122
3482
7114
3437
3506
3487
3441
3452
5753
5890
3291
3431
3423
3388
1257
4554
4563
4103
10012
10016
7781
4471
3967
10095
10111
4578
7906
12000
5083
11965
4997
4889
5002
11955
11989
9653
9810
5025
5116
11013
6330
6677
11504
6654
11503
11477
11470
11432
13556
13585
11271
13582
13578
11239
13959
13765
11196
13777
8646
10877
13614
10818
13333
13450
13188
13161
12930
10519
10396
10347
10012
9917
8724
7893
7770
