602
2774
3275
2824
3753
3872
3624
958
1008
1017
1043
992
14575
12147
12111
14760
12229
14859
14857
14870
14941
14939
14912
14905
15024
15039
15116
15134
15195
15377
15378
15429
12788
15434
15462
15420
3929
15461
7395
7425
3928
3928
7480
7497
4005
15408
2616
2629
17111
6680
16880
13728
16666
14347
17309
17071
17324
17199
17227
17684
17401
17487
17297
17398
17328
17468
17017
17507
17286
17291
17146
17207
16726
16089
16908
17219
17619
16746
17403
16704
17499
17508
16207
17522
16838
16577
15338
17907
17558
16940
16074
6709
6786
13219
19508
13436
6762
13250
13450
6841
19434
6924
19818
19636
16019
19736
16050
19730
20272
16106
16288
20050
20435
20098
8197
8219
20753
4592
8014
7615
7782
7482
16438
7396
6935
16002
9502
17860
18029
9559
9598
20687
9601
9598
18098
20695
9608
18086
16711
16888
20556
16466
19568
16087
15756
19550
16067
19321
18438
14535
18356
17299
7250
11437
20517
20577
7249
11409
20799
20543
11456
18972
18369
16046
16540
11458
16297
21001
21255
21247
21210
21420
21187
21173
21242
21394
21146
21329
21141
21266
11783
20517
20585
11672
20297
11606
11639
11625
20307
20203
20215
11592
19930
15261
19757
11539
11442
19710
11455
11376
