304
887
1002
935
1144
1171
1151
566
558
565
555
586
8725
6312
8829
8876
9096
9135
9215
9220
9291
9291
9235
6680
9135
6644
9148
9155
9165
9242
9263
9268
9268
9245
9287
9163
1553
9262
3566
3584
1583
1565
3610
3622
1614
9180
1620
1654
10121
3866
9946
10016
9868
10399
10191
10002
10145
10010
10091
7562
10268
10251
10143
10155
10039
10455
10117
10307
10541
10111
10173
10578
10122
9795
10185
10481
10394
10205
10268
10191
7187
10282
9915
10300
9846
9699
9320
10267
10293
9918
9671
3891
3936
7307
11722
7367
3912
7306
7381
3972
11686
4009
11955
7938
12091
11822
12214
11884
12335
12066
12278
12039
12172
12063
6509
6545
12528
6336
6377
6212
6463
6208
12535
6121
3188
8991
6066
10425
10432
6100
6143
12820
6147
6141
10495
12971
6135
10664
10151
10662
13208
10399
12137
10088
9588
12264
9420
11941
11335
9305
11344
6409
7519
7476
12589
12584
7535
7527
12620
12594
7503
11625
11184
10143
10291
3832
13172
13168
13202
13325
13184
13317
13302
13267
13290
13293
13243
13503
13210
13248
8033
13305
13307
7940
13137
7878
7990
7909
13242
12980
8349
7937
12555
7879
12444
8160
8137
12408
8148
8118
