523
1443
1455
825
817
824
826
841
6542
6649
6042
6762
6097
6766
6934
6952
6772
6153
6775
6874
6785
6886
6774
6864
6871
6727
6842
6826
6637
6603
2136
2107
3460
3384
2118
6542
6550
3577
6469
2166
6440
3597
2152
2170
3216
3303
7202
7290
6307
6437
6322
6314
6470
5424
6450
5457
6365
6464
6473
6482
6425
6464
6487
6512
6248
6491
6477
6521
6353
6469
6241
6517
6418
5410
5570
7344
3702
7331
3664
3727
3705
3661
3679
5986
6111
3567
3686
3703
3668
2632
4772
4792
4561
10234
10232
8006
4699
4505
10313
10324
4796
8127
12212
5305
12188
5225
5160
5231
12169
12204
9877
10037
5260
5338
11248
9079
9469
11741
9460
11738
11717
11709
11663
13771
13798
11505
13797
13798
11474
14193
13990
11427
14000
11556
11102
13841
11043
13576
13675
13429
13397
13183
10735
10611
10574
10222
10137
8938
8114
7988
