1234
1899
1921
1766
1804
1775
1820
1828
12941
13121
13548
12586
13724
12676
13830
13937
12788
14044
13641
13918
13740
13961
13833
13011
13007
13977
13948
13830
13986
12789
6248
6183
8033
8830
6226
12971
13776
8968
13848
5654
12708
8948
6300
5623
6578
6649
14686
14542
16018
16063
15992
14664
16157
16168
16226
16262
16193
14994
16172
16281
14961
15042
16160
16299
16010
16274
16212
16306
16156
16252
16132
16292
16208
9493
9567
14743
9688
14738
9641
9523
9500
9445
8479
9317
9542
6378
6551
6708
6065
5961
10930
10966
10946
18709
18744
11027
10838
10957
18780
18779
9397
9589
19209
11084
19218
10622
10992
11034
19268
17370
11600
11411
11043
11103
11408
11337
11153
10989
10903
10867
10791
10419
8624
19259
19244
10228
19094
19076
10023
17980
17809
9758
17567
17634
9731
17472
9624
17206
17307
16993
17070
16387
8564
7839
7848
7550
7443
7332
7203
7000
