769
757
779
1906
1649
4355
7853
7919
7949
8026
7780
7878
7799
7879
7788
7850
7842
7818
7959
7010
7965
7459
7953
4422
4428
3895
3865
3874
3947
3920
3935
3922
7685
10358
6431
7017
7815
9260
10377
9247
7827
9178
10379
10389
10398
10391
7329
10372
9257
9264
10364
10391
10394
10393
9262
10401
7018
7032
6750
6861
5995
6905
7080
7064
6933
8356
8407
8442
8455
8460
8402
7658
8265
8192
6991
8025
6962
2525
3308
5896
5915
2918
7836
7999
9271
9283
7815
7809
8820
7740
8841
7875
8848
8873
8419
8834
7679
8768
8780
8667
