359
945
1059
992
1200
1227
1207
620
614
621
618
640
8782
7654
8886
8933
9153
9192
9269
9275
9345
9345
9290
8086
9190
8023
9202
9209
9223
9297
9317
9321
9323
9297
9341
9215
1608
9318
3620
3639
1637
1620
3665
3677
1668
9232
1674
1708
10179
3921
10000
10071
9924
10455
10245
10056
10199
10065
10145
9292
10325
10305
10201
10209
10094
10512
10171
10361
10597
10165
10226
10636
10180
9856
10243
10537
10450
10269
10322
10249
8912
10336
10006
10350
9899
9752
9379
10402
10343
9969
9722
3945
3990
7362
11778
7423
3967
7364
7435
4026
11745
4063
12015
10017
12149
11877
12271
11952
12391
12122
12334
12097
12228
12144
6563
6604
12585
6395
6434
6273
6519
6274
12592
6191
4723
9043
6120
10480
10486
6154
6198
12875
6201
6194
10550
13028
6189
10718
10203
10716
13264
10452
12190
10140
9639
12320
9475
11992
11388
9362
11397
8841
7578
7532
12646
12638
7600
7581
12674
12649
7558
11682
11235
10198
10343
5827
13234
13224
13256
13379
13238
13371
13356
13326
13345
13347
13296
13557
13275
13317
8087
13386
13373
8039
13228
7946
8047
7982
13303
13043
10870
7997
12620
10401
12501
8217
8197
12465
8203
8177
