536
1311
1698
1063
1034
1040
1048
1052
7342
7497
7513
7462
7813
7521
7828
7750
7617
7833
7546
7713
7653
7767
6788
7794
6888
7730
7793
7701
7824
7758
2346
2316
4063
4073
2347
6945
6841
4156
7944
2384
7828
4152
2377
2390
4225
4274
7269
7323
7601
7948
7586
7537
8053
8060
8100
8116
8099
8124
6978
7043
8125
8130
8104
8178
8255
8176
8149
8215
8275
8247
8192
8268
8329
7086
7139
7449
4027
7368
3996
4064
4050
4008
4034
6982
7075
4649
4715
4789
3494
3457
5168
5199
4912
8744
10130
8959
5050
5167
10208
10201
5166
8998
11317
5305
11805
4990
5178
5229
11659
11256
10011
9884
5168
5259
10760
10757
10976
10838
10824
8548
10726
10349
8151
12638
13392
10330
13380
13437
10300
14160
13972
10244
14021
14036
10184
13965
9583
13770
13855
13643
13617
13446
9279
8918
6920
8842
8778
8687
8592
8443
