1230
2165
2264
2207
2585
2632
2563
2339
2389
2420
2466
2384
9510
9497
9688
9721
9823
9878
9894
9890
9993
10040
10123
10133
10240
10252
10304
10311
10374
10471
10525
10552
10565
10514
10588
10438
5578
10543
7385
7403
5606
5572
7464
7446
5701
10426
5697
5746
11332
9025
12272
12362
12212
11658
12568
12426
12588
12535
12510
11885
12716
12749
12809
12681
12895
12963
12983
12830
13066
13016
13059
13144
13067
13011
13207
13251
13078
13189
13221
13239
13073
13160
13269
12038
11811
11756
11446
12165
12212
12061
11833
9071
9136
11438
13357
11530
9096
11435
11474
9266
13466
9285
14072
13888
14482
14185
14726
14265
14897
14594
15075
14529
15132
14643
12141
12209
15398
11798
12031
11719
11975
11640
15333
11699
11149
12061
12087
15731
15863
12192
12160
15719
12165
12198
15938
15637
12202
15938
12891
13454
15703
13280
14335
13125
12937
14677
13135
14400
14176
12956
14130
13974
13667
13588
18085
18081
13644
13671
18159
18178
13612
14632
14312
13391
13543
13566
18959
18902
19026
19185
19012
19237
19120
19126
19197
19142
19117
19220
19099
19110
14195
18676
18618
14097
18425
14003
14082
14050
18508
18377
18411
13976
18226
18183
18012
14040
14014
17958
13955
13877
