562
854
895
898
1013
1045
1062
797
819
843
843
812
5087
5094
5173
5185
5219
5251
5288
5296
5330
5340
5258
5233
5270
5277
5309
5314
5312
4334
5386
5191
5246
5074
5166
4962
1846
5071
2701
2698
1855
1847
2693
2713
1895
4932
1882
1915
6033
3730
5656
5702
4391
6175
5779
5693
5759
5702
5708
6260
5814
5810
5714
5776
5726
5957
5779
5866
5978
5790
5827
6005
5573
5793
5891
5902
5936
5860
5869
5945
5805
5861
5925
5155
4914
4918
4723
5255
5198
5070
4938
3737
3790
4730
6756
4766
3747
4747
4774
3806
6657
3822
7088
6830
7216
7025
7480
6994
7542
7216
7640
7118
7681
7270
5134
5148
7811
4836
5024
4756
4910
4707
7698
4677
4065
5085
5381
6998
7006
5412
5429
7936
5444
5427
7043
7962
5423
7065
5711
6162
7948
6061
6838
6162
6023
7213
6149
5212
6839
5895
6830
6677
6687
6652
8458
8457
6728
6675
6664
8490
6663
7210
7078
6593
6877
6642
9037
8924
9066
9203
9049
9211
9179
9183
7134
9047
9031
9043
8972
9020
7060
8924
8896
6982
8797
6909
6979
6931
8826
8775
8759
6778
8656
6718
8658
6989
6867
8552
6822
6825
