674
1844
2232
1071
1045
1069
1061
1054
8637
8850
8838
7709
9141
8647
8166
9056
8664
9070
8640
8888
8655
8880
8678
8849
8871
8713
8817
8629
8625
8456
2763
2675
4486
4496
2700
8534
8225
4601
8298
2844
8144
4619
2766
2834
2068
2138
8586
8582
8849
8819
10078
10069
10093
8831
10069
10111
10046
8901
10091
10124
10080
10101
10112
10144
9897
10139
10127
10159
10063
10120
9995
10169
10100
5017
5262
8633
6335
8631
6276
6352
6341
6256
6290
5518
5645
5918
6114
6164
5872
5731
8434
8472
8443
12099
12146
8494
8410
8505
12170
12194
8530
8608
14018
9800
13994
9999
9691
9749
14021
14084
8563
10665
9840
10065
12150
12325
13462
13546
13636
13693
13676
13685
13687
15003
15379
13679
14915
15495
13632
14419
15815
13287
16864
14335
13250
16871
13198
16806
14305
16729
16668
16575
12842
12744
12700
11835
9501
9239
7024
5571
