803
2399
2472
2481
2795
2840
2855
991
1024
1053
1057
1039
14443
14428
14560
14630
14928
14980
14998
15040
13944
15176
15252
15235
14051
15287
13943
13944
15063
13816
15163
15019
15096
14906
15019
14685
4631
14923
6868
7687
4632
4602
7756
7781
4715
14600
4706
4790
16266
9069
15623
15765
14063
16533
15770
15648
15924
15719
14257
16815
15898
16154
15934
15776
16130
16391
16149
15928
16542
16193
16213
16717
16201
16012
16277
16737
16108
16415
16382
16785
16214
16493
16653
13274
12869
12889
12237
13471
13327
13091
11432
9120
8945
12575
17179
13799
9107
13762
13802
9201
17494
9235
18280
18162
18654
18065
18742
17877
19099
18346
19311
16255
19354
18267
9221
9361
19320
8635
9008
8442
8840
8350
18880
8298
7621
11778
11843
17746
17745
11953
11741
18675
11979
11953
17792
18208
11943
17809
12417
13810
18471
13844
15716
13518
13026
15995
13135
15598
14918
12770
15238
15227
13818
13756
19809
19984
13864
13988
17851
20029
13784
16362
15935
14325
14625
13780
21180
21145
18809
21441
21174
21384
21424
21341
21297
21117
21118
18609
21091
21081
15238
18513
20907
15158
20435
14802
15145
14946
18058
20227
20185
14789
20059
20082
19783
15168
15019
19659
14947
14879
