730
2139
2161
1473
1483
1452
1510
1519
5853
5950
6037
5952
6195
5985
6205
6236
6056
6322
6088
6257
6117
6260
6195
6289
6307
6279
6306
6258
6320
6296
3681
3639
4689
4728
3640
6358
6265
4816
6262
3718
6188
4845
3683
3715
3929
4014
7598
7690
7159
7129
7144
7148
7249
7246
7275
7311
7349
7270
7278
7314
7285
7313
7331
7323
7493
7408
7294
7420
7517
7471
7412
7481
7592
5701
5767
7838
6016
7764
5975
5997
6044
5944
6031
6581
6644
5868
6102
6163
5979
5891
7797
7828
7756
10678
10582
8633
7663
7823
10778
10722
7803
8683
12701
8927
12833
8732
8783
8876
12727
12658
10318
10188
8644
8758
10908
10880
11119
11104
11031
10983
10966
10881
10867
13474
13737
10770
13562
13793
10624
13876
13676
10536
13969
13732
10382
14044
10252
14035
13648
13971
13608
13722
9737
9372
9199
8629
8325
7915
7531
7012
