768
2940
3443
2991
3919
4043
3792
1132
1178
1182
1208
1159
14741
13606
13651
14922
13760
15027
15020
15034
15104
15101
15078
15075
15188
15208
15278
15297
15363
15542
15540
15595
14372
15595
15622
15575
4095
15626
7556
7584
4100
4094
7642
7658
4169
15563
3526
3549
17273
6853
17044
15646
16832
16202
17472
17236
17486
17367
17397
17847
17572
17651
17463
17571
17490
17635
17183
17670
17450
17454
17307
17371
16890
16262
17071
17388
17783
16916
17564
16878
17666
17671
16378
17675
16993
16733
15514
18061
17710
17094
16229
6883
6954
13379
19673
13596
6927
13410
13610
7005
19606
7089
19981
19800
18309
19900
18402
19896
20434
18501
18662
20219
20597
20264
8382
8396
20918
6443
8199
7814
7955
7665
18888
7581
7239
16157
9667
18019
18190
9723
9762
20856
9766
9761
18258
20859
9773
18246
16867
17045
20722
16627
19725
16241
15909
19718
16219
19473
18597
15424
18512
17454
9666
11608
20677
20736
9691
11606
20961
20706
11618
19139
18566
16207
16693
11617
19076
21162
21416
21406
21369
21581
21346
21339
21409
21569
21313
21504
21309
21448
11941
20688
20752
11833
20466
11764
11797
11784
20480
20381
20385
11748
20096
17948
19946
11694
11642
19902
11614
11540
