28
85
77
107
85
112
72
65
64
98
76
63
76
74
68
80
77
81
66
86
83
82
53
92
87
95
75
84
103
95
91
88
128
102
88
95
123
105
110
104
74
61
88
85
276
265
134
107
85
131
153
121
97
95
86
103
104
112
102
85
97
95
76
117
67
76
107
79
89
83
102
108
80
238
258
111
115
141
127
131
79
136
109
328
313
252
199
204
231
229
157
156
175
153
188
287
163
170
184
184
183
298
194
245
207
206
231
203
222
236
245
267
284
284
250
250
229
178
208
196
199
219
196
233
208
251
272
268
291
260
181
262
215
204
270
197
204
219
229
162
251
221
234
259
263
238
262
277
319
428
