36
81
102
101
102
115
141
158
148
129
92
143
118
119
97
81
93
96
88
97
124
91
123
104
97
114
123
111
136
138
114
111
110
109
114
162
142
97
134
122
136
155
139
128
117
149
132
128
156
134
121
121
144
130
120
117
151
136
161
169
143
126
122
128
136
171
163
147
142
153
140
121
162
159
126
133
109
147
147
147
150
171
175
139
160
195
220
162
120
129
186
143
117
122
201
121
148
141
166
102
222
144
183
168
177
195
223
179
162
195
171
163
133
197
212
259
175
288
274
254
238
231
195
188
258
250
157
242
159
159
177
278
196
131
127
224
167
182
272
194
239
256
223
222
217
212
186
189
271
257
167
200
198
177
209
206
258
208
228
195
262
289
296
244
243
199
194
230
226
217
187
189
228
218
196
231
205
202
188
239
230
230
229
249
223
194
234
233
229
193
195
207
167
265
263
217
209
238
232
219
