3455
3562
4050
4221
2264
2315
2353
2347
2385
2420
8253
8294
11645
11795
11880
12143
12483
12729
10451
12802
13178
12868
13255
12928
13330
12887
13383
7353
12938
8760
7367
8853
7538
13418
12954
13478
7546
7619
12967
7700
14930
18519
18405
18458
18389
15566
18776
18829
19027
19237
19053
19389
19367
19255
19598
19437
19599
19487
19695
19539
19760
19696
16430
19715
19897
19634
19947
19737
19932
19531
20184
19766
16780
17504
17159
17510
17833
15149
14977
17880
14900
15439
15620
15034
15580
15436
14955
14658
14661
14604
14807
14181
14797
14753
17353
16609
17407
17665
14902
16587
16691
16755
16796
16706
17482
16784
13639
17095
18583
18242
19267
18689
15154
18810
20975
16355
16053
16193
12698
21096
12477
15969
16261
12221
15896
15621
21235
25165
21078
21495
21324
21404
25284
21082
16131
21619
17348
21642
15740
15606
15484
17051
21540
17952
17801
16216
14756
17449
15393
17731
17339
17413
18348
24315
17616
19125
29451
24157
24369
24180
24198
24318
24265
24030
16997
15293
23809
28950
28971
29027
29052
28868
29003
28819
28863
28767
28751
28644
28683
28647
23660
27879
27907
22973
27172
23066
22766
27354
22705
27614
26984
22674
27501
27147
26696
22224
22241
26573
21912
21726
