677
692
775
787
722
111
727
732
732
739
3377
3363
6271
4126
6491
6461
6537
6748
6721
6792
6765
6841
6814
6912
6871
6969
6944
799
7029
3612
135
3631
801
7007
7098
7075
812
819
7133
827
8367
5133
4971
5065
4943
5404
5221
5248
5487
5645
5437
5733
5681
5715
5900
5983
5840
5884
6003
6163
5984
6151
6109
6294
6101
6299
6224
6338
6168
6377
6385
6352
8818
8901
8995
9008
5783
6703
10005
9279
9797
10368
10380
9631
10263
9989
9754
9363
866
862
897
4706
894
882
4759
9780
4778
4812
908
9829
9861
9864
9874
9893
9914
9933
9977
9994
10029
10027
6189
10115
10161
10180
10300
5215
5112
5114
5203
10364
5017
2347
5027
4522
10062
4815
10684
6690
6695
1241
1204
1216
6690
6704
10226
1240
1258
1235
9947
9787
9672
6554
10850
6844
11065
10242
9587
10876
9838
10706
10261
10057
10541
1335
10182
1375
7309
7322
1362
7320
7336
1331
1308
1248
9811
9199
7342
7339
7350
7309
7338
7063
7266
7000
7113
7065
7060
7009
6985
7123
1382
6911
6901
1249
6684
1201
1270
6822
1199
6842
6583
1256
6818
6755
6324
1134
1189
6430
1197
1122
