1428
1472
1511
1002
1622
1620
1623
1023
1680
6341
6520
6595
6683
6748
6746
6683
6757
6681
6676
6743
6689
6969
6965
6758
7004
6736
6659
6856
7022
6525
6972
6466
6890
3282
3767
3832
3432
6775
3458
3377
3891
3951
3546
3495
1238
2997
8463
5917
8495
5898
8480
8483
5931
8469
8474
5886
8489
8452
8461
8460
8453
5974
8495
8443
8472
8512
8447
8499
8467
8543
8519
2499
2403
6803
6783
7398
7404
6834
6850
6846
6868
7491
7536
2032
4409
10240
5025
5362
5656
5006
5500
8163
10249
8241
8245
10233
8234
2245
8206
10284
8238
4748
7061
5196
8499
8513
10606
10524
8341
8520
8571
10655
4925
4931
4896
4905
4917
4914
4879
4844
4847
4765
10559
4736
10476
4681
10417
10474
4656
9813
9745
4646
9634
9656
4557
9522
9450
9406
9317
9358
9328
4196
3461
2737
2723
1975
2627
2536
2523
2318
