1339
1371
1604
1681
707
717
774
747
794
787
4093
4109
6531
6628
6768
6802
6905
7207
4898
7234
7216
4910
4914
7297
7316
7297
7395
3324
7202
4330
3317
4527
3406
7462
7241
7481
3396
3436
7263
3488
5119
9877
9890
9906
9891
10062
9966
9988
10101
10148
10111
10237
10156
10136
10283
10236
10239
10171
10236
10114
10298
10303
10311
10188
10351
10055
10140
9974
10345
9700
10310
9898
7900
8232
7970
8107
8118
7846
7631
8106
7265
8074
8082
7180
7791
7535
6997
6596
6393
6384
6467
9042
6462
6408
9073
8123
6678
9144
6513
8130
8156
5186
8125
8318
8500
8331
8523
8325
8565
8259
8611
8354
8671
8408
8950
5497
5399
5372
5474
8970
5368
2902
5438
4656
6641
5330
8955
12165
12245
5358
8860
8695
12236
12275
6904
8928
8932
5387
6228
5701
5243
8818
8799
8350
8220
6692
5322
7577
5703
7803
7484
7071
7986
9582
7662
9451
13231
13167
8953
13253
13263
9411
9427
9351
7043
5675
13765
13777
13776
13801
13791
13778
13759
13783
13771
8954
13712
13684
13676
13699
9876
12914
12934
9718
12417
9682
5248
12603
9638
12747
12239
9713
12667
12309
12065
9566
9558
12117
9467
9369
