557
1175
1171
1187
1156
1137
1188
1217
1244
4682
4803
4773
4828
4739
4754
4686
4819
4790
4773
4840
4809
3093
4961
4732
4978
4798
4795
4802
5006
4748
4978
4799
4908
3380
2358
3830
3485
4900
3481
3435
3909
3958
3554
3520
1956
2000
7472
5050
7480
7494
7497
7510
7524
7480
7522
7504
7507
7568
7504
7530
5207
7520
5145
7654
7684
7671
7541
7702
7594
7749
7808
3321
3218
5629
5587
6050
6054
5843
5664
5838
5876
6101
6154
2426
2469
5108
4920
4873
2868
4697
5125
6732
7982
6805
6811
7988
6149
3036
6764
8016
6762
3053
8360
6884
3887
6800
8385
8359
6545
6925
6959
8388
2815
2817
2849
2827
2752
2774
2757
2763
2700
2682
8390
2642
8344
2475
8352
8367
2436
8191
8122
2424
8124
8128
2346
8072
7955
7871
7792
7847
7691
1495
1319
904
1069
1046
1034
749
952
807
