1030
1090
1303
1413
965
302
957
972
973
973
4447
4444
9307
9648
9698
9695
10034
10321
10685
10318
10757
7807
10830
7731
10800
10460
10664
2259
10505
4656
2254
4702
2332
10716
10503
10763
2321
2334
7754
2396
11626
10472
7439
10595
10231
10707
10643
10743
10796
10851
10763
11010
10901
10786
11144
10875
10868
10786
11148
11087
11046
11030
11217
11235
11088
11133
11234
11236
11178
11171
11282
11179
11859
12354
12067
12461
12544
10421
10192
12420
10026
10663
10709
10080
10638
10411
10215
9767
5168
5162
5212
9145
5221
5194
9199
13449
6499
9236
5237
13519
13597
13559
13462
13370
13991
13424
14100
13512
14059
13629
14001
13811
9882
13816
14032
6402
5980
6117
6332
9777
5899
5661
6038
5046
10886
5618
14060
12331
12483
6829
6801
6642
12334
12388
11511
6856
6886
6884
11058
10719
10257
13956
13913
12519
12356
11108
10105
11847
10547
7820
11757
11322
11939
7673
11818
7546
13958
13989
7522
13965
14003
7524
7509
3705
11517
10373
14214
14200
14227
14099
14203
14090
14110
14090
14098
14023
13962
13940
13930
13926
7625
13297
13492
7503
12772
7448
7509
12869
7432
13241
8408
7451
13079
12666
12536
7399
7384
9104
7345
7097
