840
899
877
827
805
376
834
397
862
3095
3210
3250
3268
3291
3305
3194
3227
3187
3199
3213
3195
3347
3344
3182
3342
2933
2892
3296
3311
2823
3045
2842
2920
1804
1658
1674
1881
2966
1877
1833
1713
1727
1915
1894
1691
1719
3856
3874
3861
3875
3865
3882
3886
3832
3895
3814
3896
3843
3845
3883
3856
3869
1781
3862
3879
3935
3864
3900
3874
3957
3950
2363
2430
3752
3708
4964
4891
1792
3681
3764
3782
5153
5213
3541
3636
7626
2816
2673
2931
2751
2830
4657
7558
4735
4734
7661
4699
5424
4684
7720
4713
5567
9645
5299
5251
5279
9737
9730
5029
5323
2121
9764
6865
3307
7843
7888
8276
3932
8290
3903
8279
8316
10540
8294
10535
8298
10524
10513
8292
10905
10806
8307
10795
10801
8279
10703
10607
10434
10367
5885
10240
7909
7861
7620
7592
7500
7463
7348
7321
6278
