1819
1853
2007
622
1083
1091
1090
1116
1129
6357
6416
6444
8592
8634
8650
8618
8659
8587
8566
8701
8508
8878
8873
8563
8893
8429
8290
8861
8820
8278
8644
8283
8470
3175
3907
3966
3347
8482
3355
3277
4016
4077
3458
3407
2923
3011
10225
10265
10302
10301
10292
10311
10315
10234
10307
10020
10277
9973
10192
7547
9879
10271
10253
9933
9955
7441
10209
10051
10120
7371
10034
5215
5006
6962
6918
8470
8439
6967
6997
6981
7013
6231
8870
6601
6702
12375
5453
5379
5720
5430
5519
8534
12005
8608
8624
12564
8611
8261
8453
12630
8631
8307
14451
9498
5646
9425
14594
14554
9417
5686
9639
14585
9750
9797
10963
11022
11636
11662
11584
6829
11547
11538
15419
11501
15419
11444
15378
15378
11380
16442
15995
11029
16550
11154
6074
16506
17177
17125
17067
17092
16973
10126
10049
9683
9635
9548
9474
8425
3686
7579
