737
748
834
848
778
492
782
788
787
794
3431
3417
6327
5400
6546
6516
6592
6803
6776
6847
6820
6898
6869
6967
6926
7025
7000
855
7084
3665
539
3684
857
7062
7153
7130
868
874
7188
882
8422
5188
5030
5120
4998
5460
5278
5303
5543
5704
5498
5793
5742
5770
5955
6038
5895
5943
6058
6220
6043
6206
6164
6351
6156
6364
6290
6392
6226
6434
6442
6405
8869
8957
9046
9064
7660
8593
10059
9331
9851
10421
10432
9687
10315
10041
9807
9415
929
917
953
4759
949
939
4813
9836
4831
4866
965
9884
9916
9919
9931
9950
9970
9991
10032
10050
10084
10085
8332
10174
10216
10237
10362
5271
5172
5178
5261
10420
5086
3748
5087
4619
10122
4874
10744
6743
6748
1297
1261
1272
6744
6757
10278
1296
1316
1298
10003
9845
9724
8896
10906
9200
11116
10299
9644
10927
9891
10759
10315
10109
10598
1391
10237
1430
7363
7375
1415
7373
7389
1385
1362
1312
9863
9250
7395
7392
7403
7362
7391
7116
7337
7059
7170
7121
7121
7070
7074
7188
1437
6979
6973
1304
6745
1254
1325
6882
1253
6904
6650
1310
6899
6822
6493
1220
1248
6557
1251
1178
