1942
1998
2129
986
1197
1204
1213
1228
1242
7528
7634
7652
8708
8749
8772
8731
8773
8700
8679
8814
8620
8991
8989
8674
9008
8541
8401
8974
8938
8384
8757
8395
8583
3297
4017
4076
3460
8592
3468
3394
4131
4188
3573
3519
3037
3126
10337
10379
10416
10413
10406
10428
10429
10356
10420
10132
10390
10085
10304
9116
9995
10384
10364
10047
10071
9002
10323
10163
10237
8930
10151
5322
5124
7074
7040
8582
8551
7079
7107
7093
7127
7599
8979
6713
6816
12483
5572
5532
5839
5580
5658
8648
12116
8719
8735
12679
8721
8377
8569
12737
8744
8416
14558
9617
7776
9550
14706
14663
9534
7814
9750
14696
9861
9907
11080
11133
11752
11774
11703
9467
11662
11649
15527
11623
15528
11569
15489
15488
11489
16559
16113
11139
16666
13857
8676
16626
17307
17247
17185
17207
17103
10246
10174
9798
9763
9664
9593
8533
5937
7703
