3572
3674
4162
4337
2375
2429
2463
2457
2495
2530
8365
8403
11755
11910
11989
12252
12594
12836
11959
12909
13289
12977
13364
13035
13438
12995
13491
7463
13046
8871
7477
8962
7648
13525
13062
13585
7659
7729
13075
7810
15039
18629
18520
18570
18499
17449
18890
18937
19138
19351
19173
19501
19487
19364
19711
19546
19709
19599
19803
19649
19874
19805
18359
19825
20006
19743
20060
19847
20043
19650
20296
19885
16882
17616
17261
17618
17943
15259
15087
17985
15008
15547
15725
15143
15684
15544
15059
14781
14776
14714
14917
15774
14908
14863
17465
16721
17515
17777
15012
16695
16799
16865
16907
16817
17596
16895
15925
17207
18695
18353
19378
18801
17569
18928
21089
16467
16173
16306
14728
21207
14511
16086
16374
14147
16015
15746
21347
25276
23436
21608
21434
21514
25396
23462
16238
21729
19654
21758
15861
15712
15592
19576
21649
18061
17908
16321
14917
17556
15513
17836
17455
17521
18458
24444
17725
22034
29563
27097
24478
27101
27126
24430
24408
24131
17104
15410
26646
29060
29080
29139
29161
28978
29117
28928
28974
28878
28867
28756
28797
28762
23768
27992
28014
23078
27278
23168
22870
27462
22810
27724
27090
22779
27617
27265
26815
22330
22349
26688
22017
21833
