1036
1085
1082
1001
984
782
1010
803
1031
3274
3379
3417
3440
3460
3477
3366
3405
3366
3371
3403
3369
3520
3520
3353
3518
3112
3073
3481
3488
2988
3217
3009
3106
1974
1819
1837
2049
3132
2046
2008
1881
1891
2084
2064
1860
1893
4027
4046
4041
4045
4046
4057
4056
4018
4069
3996
4068
4015
4022
4057
4028
4046
3083
4035
4049
4103
4043
4068
4053
4126
4118
2570
2617
3921
3888
5136
5056
3013
3889
3936
3952
5319
5375
3708
3805
7788
3009
2893
3102
2942
3024
4825
7726
4900
4904
7829
4872
5599
4856
7881
4883
5733
9808
5464
5418
5442
9900
9893
5198
5485
4001
9929
7044
5404
8014
8054
8448
6420
8463
6406
8451
8481
10700
8468
10696
8472
10686
10677
8461
11072
10981
8470
10967
10978
8441
10868
10794
10626
10539
8452
10435
8084
8029
7782
7757
7672
7631
7523
7486
6448
