2031
2097
2141
1533
1518
1493
1554
1529
1640
5632
5766
5836
5888
5856
5935
5745
5808
5770
5755
5864
5825
6032
6020
5896
6067
5870
5804
6055
6144
5682
6088
5741
6006
3407
4407
4420
3477
5993
3467
3451
4509
4535
3531
3486
3626
3655
6903
6858
6888
6908
6965
6965
6988
6989
7052
6969
7040
7035
7011
7065
7167
7005
7127
7167
7206
7108
7066
7184
7083
7197
7300
5544
5479
5582
5594
7165
7121
5636
5666
5690
5729
7293
7424
6151
6217
9747
5466
5355
5636
5346
5492
7070
9744
7101
7088
9828
7120
7988
7013
9985
7086
8017
11455
8058
7865
7912
11916
11752
7779
7972
8037
11849
9506
9665
10588
10552
10960
10857
10800
10662
10630
10565
12970
10544
13100
10480
12865
12734
10414
13362
13134
10234
13473
13155
10166
13270
13499
13545
13414
13225
13255
9551
9363
8802
8629
8374
8132
7735
7343
7029
