1485
1532
1566
1378
1678
1677
1679
1405
1737
6406
6576
6650
6739
6804
6808
6741
6816
6739
6745
6809
6746
7027
7030
6817
7063
6795
6715
6991
7080
6590
7033
6522
6946
3339
3822
3888
3488
6830
3514
3434
3950
4007
3603
3551
2222
3055
8520
7338
8553
7332
8546
8549
7346
8526
8540
7304
8546
8514
8518
8525
8513
7370
8551
8500
8533
8568
8513
8556
8530
8599
8575
2558
2469
6860
6844
7456
7459
6890
6904
6902
6924
7547
7592
3384
4466
10297
5084
5449
5717
5080
5569
8220
10306
8297
8300
10294
8288
3663
8262
10341
8295
4803
8998
7011
8557
8568
10662
10578
8394
8577
8623
10712
4985
4987
4950
4960
4971
4968
4935
4910
4901
4819
10614
4792
10531
4744
10473
10530
4712
9869
9805
4702
9692
9724
4619
9587
9520
9470
9396
9440
9403
4261
3530
2798
2782
2392
2683
2594
2578
2419
