2286
2345
2467
2541
2751
2743
2775
2801
2806
2791
6927
6979
9817
10003
10069
10218
10502
10914
11246
11075
11427
11223
11610
11354
11753
11450
11747
5842
11427
7705
5857
7778
5941
11782
11528
11873
5947
5952
11605
5960
12641
13370
13341
13366
13288
13606
13554
13612
13735
13752
13654
13984
13925
13832
14084
13972
13998
13960
14150
14132
14184
14105
14335
14273
14251
14217
14376
14286
14338
14177
14469
14317
14300
14792
14465
14825
15019
13297
13096
14948
12971
13546
13639
13019
13539
13440
13153
12883
9504
9437
9500
12074
9567
9507
12135
14720
12249
12290
9623
14869
15109
15260
15384
15398
16011
15560
16211
15804
16462
16015
16647
16244
16647
16348
16694
13018
12644
12533
12924
16767
12646
12525
12945
11882
13954
12245
17246
16502
16681
12652
12587
12535
16586
16678
14695
12669
12625
12683
14430
14003
13897
17565
17538
16385
16187
15002
14089
15909
14477
16062
15703
15523
16311
14204
15677
14222
19090
19116
14280
19139
19224
14288
14283
14153
15150
14008
20060
20104
20082
20211
20113
20226
20327
20277
20314
20309
20298
20417
20362
20468
14966
19912
19897
14740
19669
14719
14729
19728
14643
19603
19458
14847
19560
19371
19180
14685
14556
19055
14618
14436
