1270
1326
1561
1647
1191
878
1181
1197
1197
1198
4668
4664
9526
9872
9917
9913
10252
10537
10905
10534
10976
9392
11047
9395
11017
10678
10881
2496
10722
4879
2480
4919
2558
10932
10721
10979
2548
2562
9431
2622
11843
10694
9290
10820
10454
10929
10871
10964
11023
11077
10993
11232
11140
11007
11365
11093
11089
11006
11364
11305
11267
11252
11438
11453
11306
11402
11454
11454
11400
11387
11507
11406
12069
12575
12277
12710
12762
10626
10402
12632
10234
10879
10922
10290
10849
10683
10422
9993
5397
5388
5439
9363
5448
5421
9419
13669
8162
9458
5467
13740
13814
13776
13683
13596
14214
13643
14325
13743
14278
13852
14219
14034
12296
14040
14255
6625
6213
6362
6558
12243
6128
5885
6261
5480
11098
5862
14286
12551
12702
7057
7024
6876
12556
12607
11719
7085
7109
7116
11278
10927
10468
14178
14131
12737
12574
11314
10323
12071
10759
10427
11974
11539
12162
7898
12036
7769
14182
14208
7741
14185
14218
7748
7731
5928
11734
10593
14430
14417
14443
14320
14422
14309
14341
14307
14318
14245
14207
14162
14167
14155
7846
13552
13729
7726
13037
7665
7732
13113
7652
13481
10912
7683
13320
12924
12789
7620
7602
11173
7585
7400
