1103
1409
1401
1409
1377
1368
1418
1435
1466
4909
5027
4999
5054
4977
4985
4916
5051
5024
5013
5069
5036
4320
5193
5015
5217
5032
5019
5131
5245
4965
5204
5021
5148
3600
3334
4048
3703
5143
3702
3658
4131
4175
3774
3741
2184
2227
7702
6567
7715
7720
7731
7742
7750
7714
7748
7740
7734
7798
7732
7760
6748
7754
6690
7876
7910
7896
7775
7925
7823
7979
8034
3540
3435
5848
5817
6277
6275
6062
5882
6063
6100
6321
6371
2649
2694
6802
5167
5184
4396
5035
5393
6954
8204
7023
7031
8212
6710
3264
6989
8230
6996
3272
8574
7100
5655
7033
8603
8575
6792
7138
7175
8609
3062
3050
3081
3057
3001
3007
2996
2998
2923
2912
8603
2872
8562
2705
8571
8587
2658
8411
8344
2646
8345
8359
2572
8288
8181
8109
8019
8075
7942
1746
1596
1231
1320
1280
1269
1096
1190
1072
