1510
1541
1777
1855
873
888
939
912
959
954
4258
4272
6696
6799
6934
6968
7071
7369
6291
7396
7386
6333
6343
7461
7479
7463
7560
3490
7366
4496
3484
4691
3572
7624
7406
7643
3567
3601
7426
3653
6795
10043
10064
10079
10058
10228
10137
10153
10269
10318
10286
10404
10331
10300
10447
10400
10405
10340
10400
10288
10466
10469
10481
10354
10515
10219
10367
10145
10514
9873
10484
10073
8056
8399
8126
8271
8283
8001
7790
8266
7424
8237
8242
7344
7947
7692
7154
6770
6567
6549
6632
9205
6629
6586
9239
8290
8162
9314
6679
8297
8319
6923
8292
8485
8669
8497
8695
8491
8732
8426
8777
8523
8836
8582
9120
5671
5580
5546
5656
9139
5549
4371
5615
5094
6815
5499
9127
12330
12412
7401
9024
8862
12400
12446
7065
9094
9097
7431
6386
5858
5462
8986
8963
8513
8379
6850
5480
7736
5870
7965
7652
7231
8151
9746
7826
9617
13398
13331
9374
13419
13424
9580
9591
9516
7200
5852
13927
13944
13940
13967
13954
13945
13935
13947
13935
11661
13883
13851
13847
13873
10040
13092
13122
9875
12589
9838
7791
12771
9810
12917
12406
9870
12833
12490
12250
9725
9716
12322
9628
9527
