125
131
104
110
124
156
129
122
142
172
110
108
98
119
107
103
110
142
102
135
138
115
119
157
110
129
105
143
142
165
125
145
107
123
137
118
129
128
108
148
174
147
120
147
134
158
172
136
149
166
191
121
148
171
168
126
137
164
145
143
113
172
139
151
135
145
157
131
112
128
188
161
163
158
185
163
143
158
164
147
181
183
182
220
184
170
164
168
140
158
146
149
126
181
198
208
125
162
124
203
212
201
200
171
173
203
208
193
186
196
159
207
186
168
215
273
313
249
266
164
266
262
236
275
219
313
273
196
170
161
182
196
205
180
273
193
184
154
197
311
233
220
228
214
226
246
252
269
241
251
262
248
253
259
280
254
224
167
169
234
195
191
238
205
246
280
231
216
229
262
238
236
196
231
205
229
226
204
216
206
211
258
253
297
236
240
267
243
226
244
243
226
201
237
255
272
267
289
240
233
