76
56
55
76
65
94
101
102
75
95
94
85
84
95
71
92
79
95
88
90
69
53
97
69
73
77
108
84
67
95
90
100
90
72
88
104
88
83
100
75
86
95
73
101
263
271
137
103
121
110
84
107
103
88
88
107
65
98
84
78
109
104
74
73
92
122
69
100
81
103
78
226
238
114
117
139
120
123
103
77
89
124
108
234
235
179
185
185
218
190
211
116
153
139
195
170
143
256
181
146
189
251
194
185
244
223
179
194
221
263
207
190
290
333
265
306
215
225
213
286
263
248
217
211
152
233
226
224
206
226
171
278
184
253
237
222
160
181
216
249
224
248
263
287
259
216
242
234
347
331
