2730
2740
3020
3074
3299
1700
1709
1666
1748
1683
1782
9662
9665
10059
10012
10115
10076
7928
10181
10314
10214
10366
10320
10438
10399
10509
10448
10615
10544
10682
10602
10766
10656
10804
10668
5387
6852
10487
6913
5469
5397
10594
5434
6953
6995
5469
5514
12549
12519
13528
13663
13591
12281
13752
13802
14262
13903
14132
14011
14204
14461
14432
14484
14736
14670
14383
14668
14878
14610
14852
14765
14913
14787
15185
15147
14962
11894
15107
15135
15163
15091
15140
13099
13131
13214
12991
13076
13230
12812
13168
13223
13658
13590
11324
11396
11453
13706
11233
11495
11438
11532
12728
13726
13281
14216
14093
14443
10677
14691
14938
15217
15296
16127
16219
17898
13269
9876
13052
13354
13116
13243
9476
13299
9620
16935
16767
15923
19751
17017
16971
17003
15940
16028
17836
17048
14390
18548
13993
18429
13956
13834
13512
15034
15708
14294
15958
13635
16023
15774
15496
16177
16201
15905
17888
17800
18837
22461
14463
18659
18470
22457
22464
18488
18686
14995
13928
18132
18116
23273
18164
23234
23112
23176
23113
23124
23081
23006
22846
23001
22868
19021
22743
22621
18650
18568
22298
18576
22291
18521
22115
22110
18151
21839
21763
21503
17844
17894
21219
17538
17468
