946
977
1045
1059
1187
770
768
761
758
770
803
3195
5367
5538
5581
5595
5627
5664
5650
5536
5532
5563
5574
5585
5617
3339
5645
5673
5671
5651
5594
5628
5618
5613
5660
2637
3603
5436
3641
2703
2662
5606
2662
3653
3676
2717
2724
6652
6723
7306
7965
7943
6374
8073
8023
8137
8143
8159
8165
8289
8120
8097
8391
8205
8152
8231
8441
8251
8324
8224
8351
8134
8373
8368
8435
8313
8372
8158
8415
8460
8317
8260
7377
7261
7314
6939
6837
7022
6513
6798
6981
7368
7322
5565
3325
5614
7713
7422
5623
5612
5658
7263
7813
7408
7921
8157
8069
8121
8163
8133
8163
8136
8342
8331
4984
6947
6988
6766
4100
6887
6994
6224
6995
6805
7999
8017
10625
10678
8071
8023
8057
10489
10682
8882
8115
9018
8899
7523
8838
7407
7288
7428
8086
8854
7714
4561
7203
8349
8094
7761
8509
8434
7996
9351
12784
9469
12782
7110
9497
9531
12787
12782
5417
9532
7705
7284
13284
13404
13424
13405
13413
13398
13405
13385
13338
8402
13254
13250
13279
13260
9955
12699
12665
9755
9710
12432
5256
12418
9721
12347
12331
9750
12150
12097
12066
9655
9590
9042
9575
9555
