2654
1753
1920
2947
3019
955
976
939
983
950
1003
10385
10418
10789
10650
11056
10798
11436
8642
11320
11299
11247
11254
11323
11346
11406
8808
11524
11518
11461
11455
11504
11481
11396
11310
3198
6681
11194
6719
3248
3204
11249
3205
6754
6768
3253
1860
13063
12901
10154
9293
9217
12952
9473
9329
9556
9609
9483
9487
9798
9646
9680
9919
10005
9723
9572
10114
9879
9667
10155
10220
10150
9799
10048
10075
9883
7104
10266
9992
10286
10322
10266
9437
12859
13018
12512
12632
12894
12172
10609
12804
10250
10198
5987
6034
6047
14971
10334
6078
6036
6085
14117
15159
14561
15863
15570
16382
16295
16839
16503
16536
16542
17090
13118
17295
9270
9405
9027
9579
9242
9504
8621
9672
9019
8458
8486
14331
14376
8553
8497
8506
14357
14415
17901
8565
18278
18344
14380
18069
14386
14369
14431
16012
17074
15638
17264
14862
17193
16856
11743
17303
17266
17147
10360
17259
10492
17286
15278
10539
10577
17282
17338
10526
10535
11528
15689
18978
19012
19026
18938
13576
13623
19264
13696
19191
19178
19058
18972
19025
18963
11832
18572
18506
11624
11602
18050
11607
18028
11571
17877
17893
11880
17635
12181
17298
11734
11324
17014
11634
11617
