1269
2237
2371
2184
3133
2215
3147
3181
3181
11963
12109
12056
12278
9969
12321
11967
12150
12032
12187
11996
12177
11945
11931
12130
11940
11846
12144
11814
11834
12163
9411
12084
6283
11665
6328
8150
6439
8242
12069
4719
6456
6479
8315
12087
6575
3870
2227
16132
13500
16220
16250
13680
13511
16621
16419
16496
16388
16566
13701
13717
16600
16621
16700
16674
16620
13812
16695
13858
13839
16724
16800
16763
5751
12003
12010
10943
10993
10956
10830
5736
12073
11065
12060
11072
5776
8510
11444
11192
10923
11457
13553
13623
16966
16960
13595
17024
17008
13836
13616
3818
13241
6812
17888
14361
14272
14414
17955
17944
14338
7546
14320
18003
10032
7427
7972
7914
8155
8146
8078
8132
8097
8065
8066
18457
18136
8078
18416
17994
8013
18284
18127
7830
18033
17488
7775
18010
7666
17805
13078
17769
17570
17546
7301
7202
6704
6588
2668
6357
5313
4395
