2374
1499
1477
1691
1680
1700
2379
2369
2365
8483
8537
8478
8607
8433
8486
8046
6095
8115
8216
8157
8228
8181
8185
8241
8221
5880
8309
5857
7777
8315
7489
8007
4658
7560
4639
7756
6270
7835
8043
6188
6281
7879
7953
7911
6359
2430
4108
12150
12235
9521
12263
12162
12307
12053
12311
12321
9665
12342
11972
9614
12309
12318
12079
12172
12239
12262
12067
12232
12224
12142
12085
12194
5075
12748
12759
7719
7773
10446
10439
6121
12780
10507
12798
10521
6135
6388
6062
6326
6264
6061
12157
12192
15896
15868
12183
15930
15898
12217
12202
7780
12169
7827
17463
13348
13232
13369
17631
17570
13302
9219
13328
17644
8710
9243
5547
10105
10128
10106
9990
9895
9800
9746
9695
18465
18483
9667
18431
13424
9452
16663
16324
9321
16051
16631
9187
16267
9043
15822
11203
15791
15493
15503
8722
8567
7877
6854
6124
5879
4987
4070
