2999
3031
3206
1535
1510
1522
1584
1582
1590
11494
11609
11538
9898
9880
9961
11890
11985
11930
12032
11967
12052
11854
11877
11980
11866
11447
12077
11356
11255
12146
11062
11729
6014
11212
6017
6052
6155
7776
11691
6065
6191
7800
7915
11572
6276
4203
4261
12798
12875
15388
12789
15461
15560
12867
15605
15594
15598
15612
15261
15568
15602
15625
15518
15523
15573
15615
15485
15648
15620
15572
13058
15649
8889
11665
14533
11853
11889
11687
11748
8665
14635
9206
14852
11850
8814
11147
7360
10858
9968
10523
14772
11254
20271
20721
14808
20808
20898
14973
14951
11940
14951
12026
23923
16233
16258
16390
24076
23995
16277
14905
16505
24050
16398
15016
17199
17279
18549
18590
18657
13161
18650
13101
18729
26312
26260
18719
26383
26367
18611
27585
27489
17931
27376
21851
12269
27405
17516
27110
21486
21427
26849
26507
17063
16887
16117
15853
14610
13541
12241
9980
