1783
1792
1969
960
963
515
957
974
951
8026
8136
6233
8342
6379
8393
8324
8410
8408
8467
8410
8491
8416
8386
8490
8343
8103
8517
6027
7930
8486
7738
8075
2661
7781
2669
4139
2704
2923
8121
2686
2732
4197
4247
8049
2774
3488
3524
8639
8711
8713
8716
8755
8783
8745
8830
8818
8806
8849
8622
8809
8844
8866
8717
8813
8843
8873
8723
6352
6268
8805
8817
6311
5412
8029
7942
5074
5092
5050
4914
5806
8074
5131
8122
5115
5892
4987
4799
4722
4628
4874
6371
6391
11127
11227
6382
11262
11273
6424
6385
8016
6343
8028
12895
7166
7133
7186
13013
12954
7143
9680
7176
13031
7069
9723
11057
11057
11311
11301
6409
11273
6331
11212
11201
14270
14231
11194
14292
9565
11090
14949
14814
10822
14606
14900
10610
14721
10542
14379
9475
14294
14216
14072
10123
10052
9572
8567
7865
7698
6646
5691
