413
384
1107
1127
1146
889
897
898
922
911
951
5834
5783
5975
5735
5990
5800
6012
5805
5902
3548
5938
5957
5991
5996
6023
5994
6044
3642
5932
5885
5931
5877
5841
5828
2278
3685
5745
3865
2344
2308
5811
2312
3888
3928
2341
2358
6722
6486
6932
6999
4103
6319
7156
7200
7333
7358
7286
7293
7444
7490
7444
7564
7842
7641
7344
7741
7777
7442
7802
7839
7771
7530
7910
7930
7648
7960
7865
7853
8018
7941
7859
6808
6795
6857
6614
6683
6835
6411
6612
6806
6991
6779
4485
4510
4541
7409
7014
4546
4518
2334
6735
7417
7261
8007
7788
8136
7825
7969
7774
7681
7618
8108
8110
8367
5797
5831
5378
5853
5558
5714
4945
2807
5447
5949
5952
9401
9428
2960
5965
5975
9410
9442
8554
5989
8846
4565
7430
8619
7393
7225
7213
7982
8409
7717
8341
6997
8199
7978
3800
8380
8302
8126
6391
10346
6504
10359
6844
6501
6526
10376
10391
6526
6532
7662
7294
10712
10725
10731
10711
10710
10706
10588
10564
10511
10539
10396
6137
10405
10413
6636
9838
9823
6505
6494
9710
6472
9698
6474
9646
9791
6519
9689
9671
9305
6415
6320
9102
6306
6319
