1939
2410
2540
2839
3301
2882
3316
3349
3350
12138
12273
12224
12450
11310
12492
12134
12318
12200
12357
12167
12345
12112
12101
12295
12116
12017
12315
11993
12006
12373
10731
12252
6452
11838
6494
8312
6607
8408
12241
5759
6624
7566
8482
12257
6748
4036
3282
16304
15162
16389
16423
15371
15214
16788
16592
16666
16559
16731
15412
15400
16772
16792
16872
16841
16788
15492
16869
15557
15538
16897
16967
16933
6129
12166
12174
11111
11163
11128
10996
5897
12231
11236
12222
11247
5947
10313
11611
11385
11118
11620
13729
13788
17127
17119
13760
17183
17167
14004
13781
5570
13591
6980
18049
14525
14435
14576
18117
18106
14498
7722
14487
18167
12349
7590
8135
8079
8323
8312
8243
8298
8273
8235
8231
18623
18297
8244
18582
18164
8187
18453
18295
7997
18201
17662
7941
18178
7870
17993
15822
17957
17772
17742
7483
7380
6889
6758
4872
6523
5482
4562
