2379
2406
2535
2560
2632
2879
2903
2863
2924
2910
2924
10173
10204
10625
10618
10821
10809
11014
10841
10964
10984
11102
11069
11093
11207
11262
11286
11438
11369
11484
11418
11492
11428
11469
11425
6144
7919
11311
7974
6237
6171
11392
6192
7924
8029
6260
6224
12636
12810
12365
13466
13444
12700
13560
13580
13781
13790
13776
13774
13992
14017
14005
14052
14169
14069
13972
14262
14219
14120
14307
14349
14299
14192
14354
14344
14220
14351
14348
14345
14517
14401
14385
13072
13029
13114
12877
12881
13072
12568
12795
12957
12484
12369
10096
10121
10109
14703
12502
10186
10136
10210
14274
14947
14748
15505
15490
15789
15745
15940
15780
15715
15691
16234
16257
16462
12853
12934
12677
13087
12713
12917
12095
13057
12485
13412
13320
17227
17346
13425
13433
13434
17234
17335
16934
13440
17333
17282
14291
17195
13960
13967
14298
15357
16126
15022
16029
14042
15856
15460
15276
16125
16109
15759
14876
19687
15147
19643
14019
15144
15148
19723
19768
15039
15125
14970
14382
20664
20671
20748
20639
20872
20807
20785
20803
20813
20877
20798
20900
20824
20749
15712
20250
20145
15532
15453
19993
15555
19925
15522
19852
19854
15590
19774
19639
19596
15448
15317
19202
15321
15188
