2952
2958
3238
3292
3518
1916
1926
1881
1964
1904
1997
9882
9881
10275
10235
10334
10294
9359
10396
10530
10436
10586
10539
10657
10615
10727
10667
10831
10762
10896
10820
10985
10878
11020
10885
5602
7067
10696
7130
5686
5613
10806
5652
7167
7212
5689
5728
12767
12735
13746
13887
13818
12496
13972
14022
14484
14128
14353
14232
14422
14681
14650
14706
14952
14891
14604
14886
15097
14827
15076
14994
15150
15008
15405
15375
15181
13762
15345
15352
15393
15319
15369
13313
13348
13426
13204
13291
13449
13079
13385
13433
13876
13807
11539
11617
11672
13924
12799
11716
11653
11750
12955
13949
13497
14437
14310
14661
12815
14916
15158
15437
15514
16350
16440
18114
13502
11928
13285
13581
13372
13470
11475
13534
11680
17154
16984
18163
19969
17235
17185
17217
18187
18251
18059
17261
16790
18765
14233
18648
14173
14060
13734
15255
15930
14530
16186
13856
16236
15992
15722
16397
16421
16126
18094
20483
19057
22680
14692
18873
18684
22677
22682
18703
18902
15211
14149
21058
21074
23490
21097
23448
23335
23394
23335
23344
23306
23220
23075
23222
23087
19241
22963
22829
18859
18777
22513
18783
22499
18724
22323
22321
18357
22055
21974
21717
18051
18101
21432
17745
17675
