2775
2364
2568
3061
3135
1067
1088
1049
1095
1065
1112
10495
10526
10898
10759
11166
10909
11544
10111
11428
11409
11362
11362
11433
11455
11516
10311
11632
11628
11568
11563
11619
11593
11505
11422
3308
6788
11300
6827
3360
3314
11356
3318
6861
6877
3363
2721
13172
13009
10262
9409
9334
13060
9584
9449
9669
9719
9596
9600
9908
9758
9791
10030
10114
9835
9683
10227
9990
9778
10266
10329
10273
9909
10159
10189
9993
8867
10386
10102
10398
10471
10382
11409
12965
13123
12616
12735
13000
12286
11751
12908
10360
10307
6097
6145
6164
15079
10441
6191
6145
6197
14235
15276
14676
15972
15684
16491
16406
16958
16617
16648
16653
17199
15500
17404
9382
9520
9206
9695
9365
9618
8811
9782
9138
8571
8598
14438
14486
8666
8606
8615
14465
14524
18013
8674
18386
18453
14687
18181
14491
14474
14539
16123
17181
15754
17371
14968
17302
16963
14450
17413
17378
17257
10464
17366
10606
17394
15380
10648
10684
17394
17447
10634
10647
14351
15794
19086
19119
19134
19045
16725
16744
19375
16739
19307
19295
19170
19095
19139
19080
11939
18684
18614
11730
11709
18169
11712
18141
11684
17998
18012
11991
17764
15182
17426
11845
11436
17139
11740
11723
