2434
2035
2023
2095
2074
2079
2439
2431
2423
8541
8597
8533
8662
8488
8542
8104
7240
8174
8276
8218
8286
8238
8247
8300
8281
7080
8370
7030
7835
8373
7542
8121
5509
7614
5517
7810
6330
7892
8108
6251
6339
7932
8008
7971
6422
3357
4165
12214
12292
11020
12320
12219
12368
12112
12371
12379
11136
12399
12029
11093
12367
12375
12136
12230
12296
12326
12124
12290
12281
12206
12144
12251
5127
12802
12814
9215
9255
10504
10499
6175
12833
10564
12851
10577
6192
6454
6118
6381
6325
6116
12214
12251
15950
15922
12238
15983
15951
12273
12258
7835
12222
7881
17549
13403
13283
13422
17684
17627
13356
9284
13379
17697
11013
9296
8028
10163
10181
10159
10043
9948
9867
9799
9753
18521
18539
9720
18491
16163
9505
16730
16385
9374
16105
16685
9245
16327
9136
15886
13794
15849
15593
15572
8777
8627
7934
6911
6181
5993
5041
4122
