2018
2031
2198
1185
1186
979
1182
1197
1177
8254
8361
7495
8567
7649
8613
8544
8630
8626
8690
8634
8709
8636
8606
8706
8576
8328
8740
7300
8152
8713
7956
8324
2885
8011
2892
4358
2931
3824
8345
2906
2956
4412
4468
8273
3001
3712
3755
8865
8934
8933
8940
8979
9005
8970
9053
9042
9028
9070
8852
9033
9063
9093
8946
9036
9062
9099
8947
7931
7873
9032
9034
7893
5639
8247
8160
5294
5319
5277
5138
6027
8287
5358
8336
5343
6123
5258
5047
5004
4908
5122
6593
6613
11342
11440
6600
11476
11486
6646
6604
8240
6568
8259
13117
7384
7357
7412
13229
13168
7366
9911
7400
13250
7311
9949
11278
11278
11529
11521
9199
11495
9155
11438
11421
14487
14446
11415
14512
12305
11320
15178
15032
11048
14884
15121
10829
14942
10768
14615
12374
14521
14444
14305
10364
10268
9791
8783
8085
7939
6874
5925
