823
808
1165
1182
1204
945
953
953
978
967
1006
5890
5837
6029
5790
6046
5856
6066
5858
5955
4859
5995
6010
6047
6051
6077
6051
6097
4951
5984
5938
5985
5932
5894
5886
2333
3740
5798
3920
2400
2363
5866
2374
3943
3984
2397
2413
6776
6540
6988
7055
5643
6373
7210
7254
7390
7412
7341
7348
7500
7544
7498
7620
7895
7698
7398
7794
7833
7496
7856
7896
7831
7584
7966
7986
7702
8019
7926
7907
8076
8000
7918
6863
6847
6912
6666
6737
6890
6466
6666
6858
7049
6836
4541
4565
4596
7463
7069
4605
4573
3577
6794
7477
7316
8061
7842
8191
7879
8024
7827
7736
7672
8162
8164
8422
5860
5901
5461
5918
5630
5771
5142
4419
5507
6010
6011
9456
9485
4636
6020
6030
9465
9497
8608
6043
8900
6838
7483
8675
7450
7278
7266
8041
8466
7776
8394
7054
8252
8040
6027
8433
8356
8183
6443
10401
6558
10415
6895
6557
6581
10433
10448
6582
6588
7718
7350
10768
10780
10786
10766
10765
10765
10645
10625
10575
10604
10484
8493
10474
10475
6690
9894
9879
6559
6546
9765
6525
9760
6526
9709
9847
6571
9753
9734
9379
6472
6379
9198
6362
6374
