3112
3145
3317
1644
1623
1631
1695
1694
1701
11616
11723
11658
11049
11028
11112
12007
12099
12043
12149
12084
12165
11964
11990
12090
11981
11559
12187
11469
11366
12256
11170
11845
6126
11327
6128
7039
6267
7887
11804
6174
6300
7905
8022
11687
6402
4314
4375
14273
14345
15501
14286
15574
15677
14345
15717
15707
15710
15728
15373
15681
15714
15737
15632
15638
15693
15734
15603
15763
15734
15693
14565
15764
9005
13251
14639
11962
12002
11798
11859
8774
14740
10805
14958
11958
8932
11280
9111
10995
10480
10648
14880
13274
20377
20827
14916
20914
21003
15084
15059
12052
15066
12139
24030
16356
16370
16498
24184
24106
16392
15031
16623
24162
16514
15127
17310
17390
18657
18701
18766
16194
18771
16169
18840
26423
26367
18828
26495
26477
18719
27698
27607
18048
27491
24982
15262
27527
17638
27228
24649
24507
26961
26741
17167
16996
16222
15962
14714
13648
12346
10087
