2335
2358
2401
1648
1604
1594
1690
1683
1654
6058
6121
6116
6257
6183
6278
6133
6226
6178
6231
6180
6229
6143
6155
6212
6162
6081
6314
6002
5881
6332
5865
6208
3593
5912
3630
4697
3655
4756
6155
3620
3674
4818
4889
6087
3714
3923
3985
7155
7230
7186
7210
7259
7284
7388
7357
7328
7338
7409
7476
7357
7398
7415
7542
7393
7373
7422
7476
7459
7448
7458
7603
7549
5741
7703
7713
5989
6005
5976
5987
6605
7868
6072
7941
6043
6699
6026
5907
5968
5792
5993
7720
7707
10589
10693
7680
10718
10764
7809
7791
8854
7725
8833
12220
8601
8510
8662
12871
12581
8646
10247
8591
12626
8429
10194
11035
10934
11268
11209
11169
11113
11135
10995
10935
13461
13245
10899
13579
13475
10809
13694
13876
10669
13939
13502
10548
13469
10384
13851
13558
13602
13676
13567
9940
9589
9138
8813
8552
8133
7683
7267
