1136
1150
1218
1229
1359
933
938
924
932
938
965
4500
5529
5701
5745
5759
5791
5825
5811
5697
5700
5728
5739
5749
5779
4725
5809
5835
5837
5838
5757
5791
5787
5773
5823
2800
3763
5647
3802
2868
2827
5763
2833
3812
3838
2881
2886
6815
6886
7467
8141
8120
6535
8237
8189
8307
8304
8323
8330
8453
8283
8262
8555
8367
8316
8397
8604
8414
8488
8388
8513
8365
8537
8533
8598
8477
8539
8334
8579
8625
8483
8427
7537
7421
7470
7097
6992
7181
6693
6956
7139
7530
7483
5734
4701
5784
7874
7581
5796
5779
5823
7433
7983
7569
8083
8319
8231
8284
8332
8299
8327
8299
8503
8497
7088
7114
7154
6936
5813
7065
7165
6585
7164
6984
8165
8182
10784
10841
8237
8185
8219
10650
10843
9047
8277
9182
9062
7688
9000
7574
7453
7596
8246
9014
7874
6915
7362
8514
8255
7928
8677
8598
8157
9509
12943
9635
12942
7275
9662
9693
12952
12943
7768
9696
7865
7441
13444
13563
13585
13565
13579
13563
13572
13552
13508
11195
13437
13440
13453
13434
10115
12882
12836
9915
9872
12598
7787
12586
9878
12519
12507
9909
12329
12285
12245
9817
9752
10780
9730
9715
