104
84
127
123
142
139
143
142
149
118
142
113
151
155
119
136
128
123
116
116
103
102
120
151
102
123
106
122
143
100
103
114
139
118
127
129
161
144
135
133
153
144
141
148
118
131
168
162
181
161
134
113
213
183
143
162
151
129
181
133
151
152
174
177
178
144
126
153
155
164
134
136
139
127
139
163
189
140
136
154
154
142
175
176
156
172
173
171
184
179
170
165
157
130
153
153
184
178
130
148
114
212
180
174
180
206
189
210
191
223
181
173
191
200
151
260
264
261
264
260
293
330
256
288
199
193
194
174
192
165
201
194
214
242
225
245
269
250
246
270
244
217
253
190
222
221
284
262
230
204
231
223
286
217
217
220
263
279
228
210
244
209
267
248
279
302
189
233
201
257
194
214
251
241
262
205
222
234
227
287
317
217
264
243
256
263
270
219
212
260
283
276
246
266
254
255
199
322
210
257
