65
56
74
71
93
113
70
68
92
129
103
85
78
91
65
81
67
89
67
70
73
73
80
59
71
95
68
82
128
84
79
92
103
100
75
116
104
107
131
104
98
97
73
125
123
294
259
92
89
111
108
76
101
90
113
124
89
93
115
89
102
104
97
69
97
119
130
116
96
112
109
107
236
162
130
134
131
160
137
331
126
130
121
145
358
189
270
205
204
240
175
200
181
165
159
164
178
168
164
326
162
366
195
239
215
265
141
192
198
331
212
243
247
270
205
278
206
225
222
228
188
236
264
258
185
245
247
176
265
268
201
270
178
185
230
191
228
220
203
237
194
206
232
264
246
296
251
308
365
356
