947
923
935
981
983
988
1000
975
1020
5001
6862
6855
6941
6920
7007
6933
6875
6910
6921
6856
7040
4982
7080
7008
7036
6932
7071
6959
7069
6917
6999
4917
4655
3251
4449
3236
3272
6979
6871
4719
1948
4518
1946
3271
2947
2992
5168
7441
7483
7368
7562
7473
5262
7575
7582
7590
7545
7651
7570
7580
7560
7632
7564
7536
7556
7644
7608
7602
7629
5331
7646
4350
4827
7314
7279
4326
4285
4308
7300
4840
4332
4287
7273
4944
4321
2100
3234
3693
3585
3707
9654
4793
4836
9585
4782
3701
9628
4772
9681
5742
4838
3247
10071
10060
4802
4840
10070
4796
10102
4643
4870
4788
6256
6262
6453
3317
6488
6406
6376
6353
6381
2972
10537
6182
10533
6168
10473
10516
6167
9833
9681
6156
9631
9654
6101
9518
5932
9470
9146
9315
9121
8962
5600
5473
5440
5406
5380
5269
5174
5027
