1535
1650
1953
1039
1435
2235
2254
2265
1504
2321
6979
7033
7063
7114
7055
7255
7258
7161
6964
6970
6974
6998
6982
7013
4506
6762
6914
6784
6803
6825
6850
6833
6861
3851
3893
5230
6887
5902
6789
5919
5297
6127
5311
6336
5449
7922
11029
8275
12281
12265
9236
12265
8042
12314
12320
12337
12348
8068
12246
12370
12369
12277
12428
12382
12346
12125
12425
12449
12312
12467
11960
12462
9276
12272
12311
12054
11719
11802
12275
11905
11832
8745
6270
6161
5922
6340
6413
6275
6149
5936
6118
5710
11008
9381
9472
6886
8656
11202
11210
9509
8869
9437
8929
9768
8996
6218
9178
6114
8978
9805
9216
7034
9622
8992
9632
8442
7017
6922
7157
9285
6561
6883
7176
6709
6800
6148
11866
11839
14349
14378
11853
6203
11834
14547
11866
14396
9307
6401
6353
6158
6075
6168
9404
7064
9398
6025
7669
6486
7498
7163
6912
7575
7442
6806
15571
15572
12833
12763
12747
6328
15582
15586
12957
12958
5533
8823
15939
15954
15967
15932
16297
16103
16258
16211
16436
16438
16370
16159
16329
16374
14838
10206
13350
13200
14606
13184
13300
13144
10065
14366
14382
13253
14228
14298
14001
13268
13205
13815
13101
13006
