942
965
941
1379
1363
1364
1374
1362
669
5668
5726
5740
5810
5804
5854
5750
5669
5692
5722
5755
5827
3899
5916
5907
5880
5811
5883
5760
5904
5738
5911
5675
3314
2576
3277
2564
2618
5790
5721
3392
2599
3317
1316
2584
2755
2794
6256
6243
6284
3919
6306
6304
4022
6325
6358
6393
6352
6496
6337
6342
6430
6546
6399
6455
6477
6575
6531
4110
6545
6562
6615
2954
3693
6341
6132
4346
4337
4334
6346
2426
4395
4331
6169
4591
4395
2358
4232
4527
4448
4439
8536
5314
5385
8464
5338
5359
8516
5336
8524
5286
5386
2780
8993
8974
5510
5553
9031
5516
9065
5414
2677
5490
5708
5749
2805
5978
6013
6006
5992
5986
5990
5828
9519
5827
9594
5819
9232
9236
5689
9536
9466
5797
9395
8868
5788
9281
5772
9329
9123
9156
9089
8998
5374
5240
5247
5116
2317
5093
5039
4976
