1064
2049
2178
2236
2652
2639
2652
2717
2723
2804
14013
14201
14373
14388
14716
14600
14759
14930
14414
14457
14429
14480
11693
14348
14120
14020
14219
14065
14114
14124
14169
14167
14228
6221
6352
6327
14316
7864
14066
7893
6456
8102
6501
8171
6727
15803
15202
16228
21752
21726
18695
21688
16299
22109
22084
18891
22300
13140
18959
22532
19133
19075
22670
22645
22325
22295
22748
22766
22561
22706
22221
22711
19144
22587
22633
22439
22225
22164
22760
22280
22336
18079
13360
13238
13048
13568
13683
13474
13271
12999
13346
12933
15178
13593
13870
13740
17673
15576
15666
13958
17936
13796
18039
19127
17966
19372
14499
19407
18164
15403
18890
14092
19313
18474
19939
16131
17049
16882
17418
19700
13104
16790
17473
16466
16652
12345
19945
20049
23822
23846
20019
13535
20062
23902
20111
23898
20004
14346
13899
13521
13461
13409
20185
15552
19941
13152
16410
14099
16148
15508
10411
16554
16116
14988
27618
27632
18243
22957
22918
13901
27684
27660
18390
23237
12269
23036
28817
29117
29119
29070
29595
29561
29752
29541
29721
29742
29676
29698
29647
29699
29091
23643
24182
24035
28753
24040
24401
24021
23366
22917
28383
24246
27842
27883
27600
24657
24736
27462
24565
19393
