1497
782
905
909
7711
7730
5599
7592
7858
7633
7760
7720
7731
7832
7883
7871
7898
7909
7933
7924
7420
5650
3522
5007
5036
3612
3554
2350
3669
3673
5126
3663
10059
10106
10019
10064
10101
10113
10084
10188
7412
10226
10157
7443
10222
10249
7487
10215
10268
10266
6237
8492
6308
8348
6129
6331
6336
8591
8585
6337
8127
8125
8028
7894
8790
8403
8905
8912
8957
8825
8980
8968
8948
8842
5388
8205
5079
5114
7949
7991
7976
11332
11323
8115
4880
7562
7980
5459
10825
5401
5061
4964
10862
10664
10884
10779
7505
10686
10590
10450
