2028
2272
2764
2848
986
977
983
1014
1009
1006
9143
6964
9331
9378
9452
9469
7297
9574
7245
7297
9529
9563
9543
9596
9564
9568
9657
9471
9652
9532
9564
9633
9632
3633
3693
3673
9746
5509
9590
5514
3755
5559
3746
5597
3857
11145
11472
11367
12756
12738
13056
12691
11293
13127
13107
13297
13327
11286
13236
13486
13449
13333
13721
13494
13265
13478
13725
13682
13369
13782
13479
13846
13531
13800
13862
13836
13543
13355
14070
13654
13942
11937
12463
12485
12154
12714
12760
12604
12190
11790
12252
11543
11473
8619
8778
8701
11802
11675
9321
8845
11753
8761
11806
12494
12195
12912
12227
13037
12439
13739
13245
8948
14179
13358
11664
13231
11909
11845
11976
15577
8648
11766
8831
8555
11786
11544
13266
13355
16675
16667
13346
12145
13366
16753
13385
16750
16113
13004
12706
12342
11878
12140
16556
13533
16616
11509
15248
12942
15200
14795
14198
14875
14640
13846
16032
20456
16428
16352
16184
13188
20522
20638
16289
16268
11648
16279
21992
16926
22031
16974
22022
22023
22014
22012
21958
16693
21854
21908
21842
21878
21770
21715
17400
17242
21390
17351
17350
12525
21343
21192
21159
17138
21075
21047
15838
16992
16939
20516
16865
16820
2398
680
2386
2465
671
2466
2463
2406
2348
2427
2443
2364
2713
2067
2431
2432
2453
677
2746
2014
2459
2446
2604
708
2756
2465
1816
2780
700
703
2698
1809
2356
1712
1840
2739
2434
1807
2645
2744
1836
2448
2497
2422
1824
2665
1824
1809
2474
2700
2433
2445
1826
2619
2447
2392
1799
2421
1828
1773
1753
2449
2436
2611
2612
2414
2426
2418
2560
2586
1771
2570
2411
2505
2360
1819
2532
2484
2487
2403
2400
2486
2455
1832
1833
2540
2508
1797
2306
2559
1833
2491
2501
1821
1826
2419
2345
1836
2469
2350
2271
2322
1830
1832
2319
2287
2432
2463
2329
2460
2273
2553
1851
1831
1605
2175
2406
2515
1822
2180
1854
1825
2228
2397
2184
2181
2177
2228
2296
2302
2457
1834
2228
1877
2432
2365
1872
2229
2390
2418
2215
2189
2362
2332
2082
2170
2194
2112
2029
2157
578
517
199
1784
2352
2387
2149
2351
413
1758
2147
1857
424
1725
1724
1193
1757
364
2340
2328
117
2112
1668
1669
114
2257
1645
1922
1567
2103
1540
1900
2027
2022
1016
1513
1830
1471
1722
1279
218
1396
1695
1615
1363
1551
1455
1361
1299
1236
