2840
1890
2888
1395
1360
1366
1372
1360
1388
11229
11358
9059
11328
11577
11533
11545
11515
11574
11593
11533
11847
11572
12012
12051
12059
11674
12027
11486
11750
11381
11692
8889
5316
3253
5195
3182
3306
11631
9059
5387
3254
5273
3250
3328
3726
3799
12229
12263
12388
12175
12529
12383
12535
12523
12575
12584
12546
9730
12491
12569
12496
9678
12585
12459
12434
9552
12388
12557
9648
9562
12426
6619
6940
10365
10045
7191
7203
7187
10107
7497
7292
7205
9946
7570
7271
7459
6335
6771
7160
6963
14105
8989
9082
14047
9032
9038
10583
9022
14139
10654
9068
10794
15452
15406
9214
9331
15431
9213
15466
9241
9364
9139
11787
7573
12306
12298
12549
12513
12567
12633
12535
12512
15815
12521
15791
12581
15769
15693
12533
16576
16722
7816
16044
16053
11870
17273
11283
11751
16911
17033
16899
14701
11004
10878
10401
10267
10177
9855
5042
8015
