1715
1864
1941
974
1898
1895
1915
1936
1933
1968
11098
11561
11782
11321
11942
11851
12017
12102
12080
12090
12079
12121
12091
12141
12131
12163
12197
12222
12222
9475
12254
12305
12334
4795
4918
4904
12349
6466
12149
6488
3516
6361
5024
6366
5173
9795
11350
10177
15251
15216
15281
15170
13456
15409
15363
15529
15535
13585
15442
15621
15622
15409
15691
12259
15527
15362
15676
12344
15577
15576
15330
15517
12070
15598
15597
15543
15306
11957
15597
15481
15507
15151
10684
10394
6505
10600
10780
10176
9704
9345
9645
7813
11356
9719
9900
9791
14297
11543
11561
9917
14174
9822
14302
14742
14230
15030
14721
15107
14475
15193
14955
9968
15128
14709
15240
13333
12215
11953
12465
15126
11551
11892
12443
11551
11795
10833
13369
13426
16899
16927
13446
10033
13410
17013
13500
17010
15460
10266
9864
9436
9062
9131
15506
11073
15451
9106
12280
10186
7618
11320
10719
12227
12093
11633
19384
19520
15462
15434
15434
10860
19562
19592
10957
15514
9484
15517
20792
20994
21012
15644
21085
21073
20973
20976
20891
20845
20658
20860
20752
20679
20274
20189
16417
16383
19831
16369
16394
16366
19834
19306
19543
11304
19047
14046
18748
16236
16234
18731
11197
16144
