1254
1270
1311
1040
1039
1036
1057
1077
1103
7520
7637
7642
7745
7767
7838
7805
7777
5939
7831
7850
7973
7886
8067
8088
8097
8004
8121
6031
8063
7966
7978
7782
4342
3668
4277
3637
3725
7948
7818
4474
3685
4335
3700
2281
3210
3280
9466
9472
6953
9433
9521
9512
9497
7033
9554
9589
9566
7196
9543
9598
9574
9641
9608
9568
9601
9657
9610
7197
9617
9625
9720
4611
5360
8612
8314
6634
6617
6626
8572
5343
6672
6623
8315
5400
6711
6449
5906
3658
6187
5967
12498
8292
8339
12411
8294
8332
12414
8290
9251
7187
8362
7238
13574
13557
8370
8461
13580
8410
13645
8208
5256
8285
7928
7833
4511
8297
8351
4466
8295
4354
8143
8101
14272
8020
14278
7873
14240
14281
7837
14297
14182
7813
14116
14194
7776
13974
7720
13807
13417
13532
13441
13232
6811
6579
6288
6233
6211
6052
6020
5872
