1126
1146
1134
1551
1540
1540
1559
1546
1244
5832
5892
5906
5970
5973
6015
5918
5852
5868
5896
5925
6009
5075
6083
6075
6058
5984
6063
5939
6073
5921
6079
5851
3482
2747
3442
2734
2793
5979
5891
3557
2768
3482
2169
2771
2934
2963
6422
6419
6450
5331
6487
6470
5415
6506
6526
6566
6532
6658
6506
6526
6599
6707
6569
6622
6648
6743
6694
5555
6707
6730
6776
3471
3874
6508
6297
4515
4506
4510
6512
3713
4565
4513
6337
4768
4582
3831
4420
4714
4618
4658
8701
5490
5555
8628
5514
5527
8685
5507
8690
5456
5555
4298
9157
9138
5677
5720
9195
5681
9226
5587
4384
5657
5886
5927
4651
6150
6187
6178
6165
6164
6162
6004
9679
6002
9756
5992
9405
9401
5926
9713
9644
5976
9567
9054
5956
9500
5935
9504
9304
9351
9274
9180
5542
5413
5414
5331
4009
5253
5206
5137
