1711
1826
2132
1729
2027
2407
2426
2431
2086
2501
7141
7196
7227
7278
7219
7417
7421
7323
7127
7132
7136
7163
7146
7175
5912
6926
7078
6947
6967
6989
7011
6997
7026
4713
4778
5401
7052
6065
6952
6082
5465
6295
5487
6500
5615
8087
11192
8438
12448
12434
11003
12428
8205
12481
12486
12501
12515
8232
12420
12533
12535
12440
12592
12551
12511
12292
12589
12614
12484
12631
12130
12626
11076
12439
12480
12218
11887
11965
12442
12070
11995
8906
6429
6324
6094
6504
6578
6437
6313
6096
6283
5917
11177
9548
9639
8403
8824
11365
11372
9675
9037
9610
9098
9932
9162
8311
9344
8227
9144
9977
9385
8551
9786
9163
9794
10429
7198
7087
7324
9450
6817
7059
7352
6882
6982
6373
12032
12016
14514
14540
12017
6373
12000
14713
12032
14560
9469
6584
6524
6329
6268
6344
9566
7229
9560
6204
7831
6646
7657
7325
7081
7740
7610
6970
15733
15735
13000
12927
12917
6492
15746
15751
13126
13122
5727
11118
16103
16116
16129
16100
16463
16265
16423
16389
16604
16604
16545
16338
16506
16548
15034
12854
13513
13360
14783
13342
13457
13303
12673
14555
14566
13408
14417
14475
14193
13421
13360
14078
13261
13160
