1188
1182
1194
1206
1210
1212
1233
1221
1254
6186
7079
7074
7153
7142
7220
7156
7102
7134
7143
7080
7266
6212
7304
7231
7254
7157
7293
7188
7288
7148
7237
6181
4881
3477
4667
3465
3504
7202
7104
4937
2875
4736
2876
3500
3184
3229
6595
7671
7709
7606
7792
7697
6712
7798
7804
7820
7766
7867
7792
7806
7779
7846
7792
7758
7780
7862
7830
7821
7843
6782
7861
4726
5053
7535
7497
4549
4515
4537
7520
5068
4560
4515
7494
5172
4560
3333
3542
3960
3829
3954
9871
5023
5065
9804
5015
4519
9852
5001
9906
5974
5070
4816
10287
10276
5027
5068
10289
5024
10315
4876
5098
5006
6485
6500
6696
5238
6715
6632
6607
6593
6608
4920
10752
6419
10750
6407
10699
10737
6394
10067
9916
6383
9867
9889
6322
9747
6151
9714
9388
9547
9389
9238
5818
5692
5659
5626
5592
5484
5400
5261
