2017
2044
2070
1605
1626
1648
1679
1604
1633
6105
6137
6195
6149
6193
6154
6081
6016
6033
6041
6021
6193
6062
6207
6244
6273
6136
6294
6112
6223
6121
6201
5995
4438
3446
4394
3389
3470
6214
6136
4544
3450
4420
3444
3507
3559
3625
7120
7109
7180
7051
7233
7187
7187
7259
7257
7285
7260
7441
7246
7265
7289
7469
7298
7306
7377
7517
7378
7378
7449
7445
7497
5431
5617
7680
7571
5848
5834
5855
7632
6203
5956
5867
7577
6245
5917
5877
5570
5664
5755
5673
10265
7380
7441
10214
7374
7473
10241
7343
10343
8130
7431
8182
11776
11649
8156
8156
11848
8107
12041
7952
8235
8002
9377
9270
10115
10119
10318
10305
10253
10228
10148
10061
12797
10033
12883
9943
12563
12673
9948
12967
13069
9790
12877
12665
9607
13067
9581
12873
12890
13011
12783
12765
9116
8828
8359
8050
7806
7473
7129
6742
