1596
2119
2244
2292
2709
2697
2709
2774
2780
2861
14067
14255
14427
14442
14771
14654
14813
14984
14468
14511
14483
14537
13126
14402
14179
14075
14274
14119
14168
14179
14222
14220
14283
6278
6409
6384
14369
7918
14117
7949
6513
8162
6559
8227
6784
15857
15256
16282
21806
21787
20536
21744
16353
22164
22137
20762
22356
14969
20834
22588
20996
20957
22725
22701
22378
22349
22802
22823
22624
22762
22279
22765
21021
22642
22691
22494
22279
22219
22817
22338
22389
18130
13412
13292
13103
13622
13738
13532
13323
13056
13397
12989
15236
13650
13927
13799
17733
15630
15720
14015
17994
13853
18098
19181
18023
19426
16757
19462
18221
17698
18952
14149
19368
18529
19993
18207
17114
16937
17473
19754
14976
16853
17526
16533
16706
14213
20002
20107
23877
23900
20076
13591
20119
23956
20168
23953
20058
14399
13958
13574
13515
13465
20239
15605
19995
13209
16463
14153
16202
15569
12951
16611
16173
15043
27672
27686
20852
23013
22980
13952
27741
27714
21043
23296
12320
23092
28873
29173
29174
29131
29653
29619
29809
29599
29780
29804
29737
29760
29710
29766
29161
26606
24252
24092
28809
24092
24453
24073
26312
25906
28447
24300
27902
27949
27664
24772
24790
27518
24619
22254
