1377
1398
1428
1154
1151
1148
1179
1190
1222
7631
7751
7762
7858
7881
7945
7916
7891
7037
7940
7959
8088
7997
8176
8197
8204
8113
8230
7171
8172
8079
8089
7892
4456
3780
4387
3750
3840
8056
7928
4584
3798
4446
3813
3166
3335
3392
9574
9585
8412
9546
9636
9620
9608
8479
9661
9697
9673
8606
9652
9705
9685
9753
9715
9675
9708
9770
9717
8603
9736
9745
9831
5067
5498
8724
8425
6746
6730
6740
8684
5457
6791
6737
8428
5512
6837
6563
6049
5075
6299
6129
12608
8411
8453
12521
8410
8443
12532
8400
11096
7301
8475
7352
13683
13665
8504
8572
13690
8522
13753
8337
7085
8393
8043
7953
6610
8410
8466
6622
8422
6506
8265
8225
14380
8139
14387
7988
14351
14391
7950
14413
14304
7925
14231
14315
7884
14088
7837
13931
13549
13655
13565
13359
6937
6701
6398
6346
6324
6197
6139
6012
