1832
1987
2068
1633
2012
2009
2028
2049
2047
2082
11206
11669
11892
11429
12052
11959
12125
12210
12189
12198
12187
12232
12202
12249
12243
12274
12306
12331
12333
11054
12361
12413
12445
4908
5032
5019
12458
6573
12262
6597
4418
6475
5141
6474
5289
11588
11457
11967
15363
15334
15390
15281
13565
15518
15471
15638
15647
13695
15559
15734
15730
15517
15799
14195
15639
15472
15824
14248
15697
15688
15445
15681
14027
15711
15712
15654
15423
13871
15709
15592
15619
15258
10788
10501
8370
10702
10885
10280
9820
9452
9753
8629
11470
9831
10016
9903
14414
11650
11668
10029
14289
9936
14416
14850
14340
15139
14837
15216
14587
15306
15070
10082
15237
14822
15348
13451
12318
12059
12570
15234
11676
11995
12547
11683
11897
10996
13481
13546
17006
17034
13561
10146
13545
17121
13619
17117
15568
10372
9986
9541
9166
9249
15614
11183
15559
9219
12393
10299
10071
11432
10824
12341
12211
11743
19491
19628
15582
15544
15546
10973
19672
19699
13506
15626
9606
15628
20902
21102
21120
18603
21200
21185
21085
21087
21007
20962
20779
20982
20871
20801
20394
20319
16526
16491
19960
16475
16500
16473
19959
19442
19667
14075
19175
16909
18873
16352
16343
18864
13964
16252
