1622
1306
1026
1036
7826
7839
6870
7704
7971
7744
7871
7830
7844
7943
7997
7979
8007
8018
8045
8032
7542
6965
3636
5119
5148
3732
3671
3147
4552
3791
5242
3776
10170
10215
10131
10173
10212
10239
10211
10298
8977
10342
10267
9011
10336
10362
9043
10332
10391
10377
6351
8602
6422
8465
6243
6450
6453
8704
8694
6450
8242
8242
8140
8016
8900
8532
9015
9023
9072
8935
9090
9077
9058
8952
7112
8315
5266
5241
8066
8103
8094
11442
11432
8257
6647
9444
8093
5568
10941
5509
5177
5076
10985
10847
11002
10898
9337
10810
10706
10569
