2909
2476
2956
1451
1420
1422
1436
1417
1450
11282
11411
10367
11381
11630
11586
11599
11575
11631
11646
11587
11906
11631
12066
12105
12113
11727
12081
11539
11803
11434
11748
10201
5372
3309
5250
3238
3367
11684
10390
5442
3310
5328
3306
3384
3783
3855
12290
12327
12443
12238
12583
12439
12589
12578
12632
12638
12600
11305
12545
12623
12550
11265
12638
12513
12487
11168
12441
12610
11229
11175
12481
6684
7002
10421
10100
7251
7259
7244
10163
7553
7349
7260
10001
7627
7337
7517
6415
6843
7215
7020
14160
9052
9139
14102
9087
9093
12491
9076
14194
10710
9124
10850
15507
15460
9312
9391
15485
9299
15521
9313
9431
9208
11844
9805
12369
12357
12613
12574
12629
12692
12606
12577
15869
12582
15845
12647
15823
15751
12591
16636
16782
10354
16104
16114
11932
17335
11340
14341
16988
17089
16962
15901
11064
10934
10454
10322
10236
9986
7179
8066
