2063
2217
2360
2433
2484
2485
2447
2508
2520
2503
9173
9335
9530
9473
9777
9659
9835
9983
10037
10082
10208
10284
10339
10364
10411
10456
10529
10492
10551
10580
10599
10621
10657
5418
5526
5501
10722
7485
10618
7471
5604
7479
5577
7568
5697
11650
11293
11936
12262
12212
12397
12170
12099
12451
12431
12596
12661
12276
12686
12793
12774
12758
12934
12874
12590
12935
13015
12975
12836
13102
12937
13067
12958
13110
13173
13151
13061
13030
13238
13077
13172
13599
12362
12365
12078
12589
12696
12484
12349
12102
12350
11936
11331
8947
9034
8971
13561
11545
11547
9049
13671
9046
13741
14312
13938
14625
14246
14767
14204
14873
14608
9121
15012
14569
15373
12187
12195
12035
12293
15444
11835
12026
12376
11863
11950
11325
12241
12187
15779
15849
12216
13323
12171
15934
12170
15877
16038
13586
13401
13087
12936
12950
16232
14334
16343
13006
15037
13706
14854
14497
14202
15061
14846
14247
17866
17909
13646
13584
13513
13718
17988
18006
13644
13674
12679
13559
18746
18867
18917
18825
19022
18973
19052
18959
19122
19182
19098
18991
19007
19142
18639
18536
14080
13967
18353
14037
14091
13989
18422
18326
18235
14003
18138
18091
18019
14008
14038
17841
13849
13749
