2254
2502
3001
3078
1206
1197
1204
1231
1229
1233
9358
8389
9549
9597
9669
9684
8710
9789
8654
8681
9747
9784
9763
9814
9785
9788
9877
9695
9872
9752
9779
9852
9854
3852
3914
3894
9966
5724
9810
5730
3973
5779
3972
5813
4075
11364
11687
11585
12977
12963
13280
12913
11509
13348
13327
13522
13548
11503
13465
13705
13671
13551
13944
13717
13487
13697
13947
13901
13595
14000
13703
14063
13749
14022
14087
14056
13768
13573
14292
13872
14169
12152
12676
12697
12362
12926
12980
12812
12399
11996
12459
11776
11694
8836
8996
8924
12024
11890
10812
9063
11974
8983
12027
12715
12417
13131
12447
13256
12662
13968
13468
9167
14397
13585
13917
13457
12152
12068
12208
15797
10571
12018
10782
10509
12023
11782
13483
13576
16892
16881
13561
12357
13583
16969
13609
16966
16328
13217
12922
12560
12089
12353
16772
13749
16831
11734
15465
13151
15413
15051
14409
15099
14863
14067
18598
20672
16647
16575
16408
13399
20738
20855
16510
16486
11856
16495
22208
19854
22245
19865
22243
22237
22234
22232
22178
19691
22076
22138
22068
22104
22000
21937
17614
17455
21604
17563
17562
15224
21559
21412
21377
17346
21285
21263
18627
17197
17152
20737
17077
17030
2620
900
2608
2680
891
2696
2679
2631
2577
2647
2659
2588
2934
2297
2652
2652
2674
898
2964
2240
2674
2683
2833
925
2975
2680
2037
2995
927
923
2917
2370
2582
2382
2537
2954
2655
2028
2864
2962
2518
2665
2717
2647
2042
2880
2042
2028
2689
2917
2649
2666
2045
2837
2661
2610
2025
2636
2487
2334
2433
2671
2652
2830
2833
2630
2644
2634
2776
2804
2321
2788
2628
2727
2576
2041
2752
2703
2709
2619
2614
2703
2678
2049
2051
2760
2729
2329
2529
2782
2051
2711
2720
2044
2052
2641
2566
2053
2689
2564
2491
2542
2051
2047
2539
2508
2656
2682
2550
2675
2493
2775
2070
2048
2163
2402
2626
2732
2046
2402
2075
2048
2458
2621
2407
2407
2403
2450
2514
2520
2675
2058
2452
2095
2654
2590
2088
2452
2609
2638
2435
2410
2577
2552
2312
2395
2411
2339
2251
2373
801
749
616
1998
2572
2600
2362
2563
650
1971
2358
2071
667
1937
1936
1688
1973
616
2548
2540
495
2324
1888
1887
491
2466
1853
2178
1777
2310
1756
2109
2235
2228
1450
1718
2041
1684
1935
1500
456
1608
1903
1848
1573
1767
1680
1579
1512
1447
