50
67
70
116
83
70
63
136
119
76
97
91
71
91
108
108
109
88
79
93
83
73
85
69
69
93
70
87
77
77
93
107
115
80
76
97
107
85
93
69
83
95
86
77
234
238
67
108
119
131
62
99
146
92
105
114
81
60
109
107
94
77
94
85
95
69
94
123
104
105
98
190
202
109
123
108
114
124
139
249
90
114
119
266
117
235
219
228
250
274
157
168
176
166
166
137
128
158
204
281
198
293
176
185
185
222
191
196
170
226
173
227
265
285
247
217
194
193
205
193
229
244
181
214
208
258
233
241
164
186
221
237
154
210
315
215
171
187
227
165
184
188
185
182
240
268
258
250
277
291
