7
14
20
13
2
3
3
0
2
11
0
1211
2
3
2
0
1199
0
1194
1169
0
3
3
0
3
2
2
7
2
2
0
2
4
2
3
5
5
1
6
2
1
7
8
2
1
4
1
0
5
7
8
3
1
5
4
9
4
1
14
2
6
1
8
7
5
4
7
2
10
1
9
1
1
6
9
2
10
1
5
3
12
2
4
4
2
4
10
0
2
0
1
19
7
1
1
7
7
1
1279
1
3
4
6
4
5
1
2
2
3
14
6
2
2
10
2037
9
23
5
14
2
1701
30
1734
1730
14
21
0
7
3
1
0
4
2
2
7
2
0
7
7
10
4
6
0
4
0
16
3
2
2
49
4
5
5
6
2354
2
2
8
9
1
2
4
5
3
2
1
2
2716
0
2679
5
0
4
4
6
2783
6
15
10
10
16
10
3
3
4
3
3
2491
4
10
8
1
1
6
2581
0
7
15
6
4
3
2
5
1
3
13
2
7
14
7
2
8
4
14
5
4
7
3
0
7
1
20
14
0
3
1
3
0
11
2
1
349
10
453
483
0
5
5
2
2
468
3
2
9
1
0
1
2
0
2
2
4
2
2
1
1
8
0
444
348
465
6
2
4
3
2
1
2
1
0
338
0
4
6
0
4
3
2
5
2
0
1
7
1
1
2
3
320
6
8
1
2
2
7
9
7
5
0
2
0
2
4
7
0
4
6
7
4
3
0
6
7
2
2
343
10
2
1
7
6
5
8
15
9
3
10
10
5
1
3
1
9
5
3
4
9
1
5
2
5
2
6
2
6
16
10
3
12
10
4
5
14
200
3
10
4
2
4
14
3
1
4
23
3
3
288
4
30
0
4
156
4
10
8
153
2
1
49
1
1
6
2
2
0
226
0
4
7
7
15
21
6
2
19
4
7
16
10
6
4
