70
121
130
120
105
100
135
128
120
138
77
149
84
100
107
98
113
102
88
98
113
93
86
102
134
112
107
123
127
109
124
101
141
126
118
131
91
125
100
152
113
173
138
118
123
200
156
156
137
135
137
103
123
130
115
127
147
159
132
139
140
109
136
146
147
134
111
110
154
125
129
165
156
152
153
146
141
129
154
158
135
150
180
140
200
170
144
183
183
144
186
173
145
153
153
138
239
122
151
167
174
147
185
197
162
174
171
148
180
217
194
149
188
201
181
180
214
248
225
138
292
258
230
296
202
279
146
181
201
176
146
260
164
177
166
196
232
257
208
223
201
251
197
212
204
248
199
194
196
193
236
224
250
178
223
201
191
174
215
223
219
203
226
155
228
217
234
208
209
238
204
236
213
216
207
189
211
235
230
231
210
247
260
234
228
197
220
180
241
237
237
197
268
254
268
213
196
218
203
271
