392
434
428
358
807
370
792
779
801
1554
4158
4192
4195
4192
4107
4283
4118
4318
2429
4226
4184
4220
4207
4231
4181
4228
4203
4228
4161
4256
4237
4270
4209
4250
1604
892
891
2303
911
1596
4080
913
1622
943
950
1762
1812
3101
3088
3671
3744
3626
3633
1809
3825
3681
3856
1904
3699
3723
3836
3796
3800
3852
3829
3826
3869
3809
3794
3828
3862
3808
3823
3885
2437
1700
1675
1689
3172
3158
1691
1707
1700
3024
3022
4355
1522
1481
1389
1503
1433
1893
4721
1840
1829
4694
1857
3597
1874
1879
4702
3603
5237
5191
1841
1857
1872
5237
1940
1862
5271
1787
4073
4028
5670
4196
1390
4174
4196
4186
4185
4176
4127
4168
5617
4152
5701
5595
4013
5619
5518
4007
5481
5472
1248
5403
3973
5329
5280
5248
5177
5135
3683
3585
3591
3535
3531
3461
3405
3289
