717
1345
1420
940
933
943
946
965
957
3517
6340
6407
6597
6496
6442
6692
6512
6681
6677
6717
6561
6646
6589
6680
6600
6721
6639
6745
6399
6517
6380
6504
6326
6408
3748
3252
3246
6168
3322
3689
6294
3331
3765
3443
3488
1713
1738
7850
7876
9580
9573
7058
9554
9604
9608
9630
9708
7231
7147
9713
9763
9727
9712
9728
9782
9740
9740
9719
9743
9802
7251
9778
7308
9825
3526
7430
7419
7579
8152
7968
7497
7528
7462
1436
3295
11888
8199
5244
7790
7986
7748
10128
11934
10152
7072
11932
10198
4762
10147
10153
11958
4813
13246
13199
10817
10764
10766
13301
10912
10778
13347
10599
5934
5918
13996
6601
6678
7270
7315
7368
7429
7431
7406
3444
13922
7484
13976
13980
7476
14283
14212
7463
14178
14130
7425
14183
7430
13947
9575
9408
13861
13698
7172
7079
7078
6579
6529
6382
5355
4531
