1127
2050
2255
1897
2865
1936
2940
1958
2930
5809
6479
6539
6474
6175
6093
4334
6113
6322
4142
6225
6190
6230
6090
6097
6035
6115
6060
6107
6022
6100
6085
6101
3901
6109
6350
5634
5638
6026
5663
6326
6024
3970
6368
4064
4007
3647
3717
9038
9170
8363
8414
8307
8363
8524
5844
8431
8540
8491
8465
8493
8550
8536
8464
8482
8510
8520
8365
8454
8504
8478
8509
8515
8546
8543
4973
7458
7452
7471
9528
6724
7451
4855
7484
6521
6524
11355
4651
2234
4511
4618
4593
7966
11880
7901
7614
11847
7963
7250
7972
7893
11956
7255
12983
13002
7925
7678
7772
13138
8135
7773
13088
4134
7992
7763
13595
8340
8381
8592
8512
8460
8362
8331
4500
8268
13629
8243
13518
13492
8057
13134
13047
4017
12995
12861
3828
13009
7418
12675
12707
12480
12471
12343
7151
7022
7009
6795
6866
6738
6636
6515
