918
937
1377
1387
5070
11392
9232
11607
9297
11508
11840
11503
11551
9683
11567
11781
11625
11789
10642
11784
9456
11834
11838
5210
3197
5116
3255
3346
5160
3322
3387
2322
11406
11521
11661
9059
11560
14127
14169
14304
14107
14204
14267
14161
11356
11557
14340
11251
11579
14392
14322
14263
11658
14248
14362
11167
6321
6293
6282
9296
9211
6312
6282
11645
9317
6391
12284
12312
12376
12417
12342
9527
9390
12167
12032
11073
6993
5194
5028
7553
9237
11459
7601
5022
7558
11906
7609
11384
7632
7268
7158
6899
11358
11274
11244
11255
11177
11157
11148
11002
