1171
1220
1297
993
965
996
1034
1034
1000
3630
3429
3468
3523
3508
3416
3597
3415
3609
3505
3489
3457
3505
3447
3497
3428
3474
3407
3448
3393
3476
3469
3450
3459
3504
3873
3609
2268
3459
3666
3834
3494
3684
3922
3722
3767
1508
1549
6442
6458
5631
5839
5659
5645
5861
3822
5882
5914
5901
5891
5919
5969
5905
5988
5992
6044
5992
6018
5993
5992
6091
6102
3954
6087
6110
3085
6143
3824
6188
6543
4274
6173
3929
6169
3545
3553
7554
4883
2672
4626
4979
2637
6706
7555
6680
6523
7707
6739
4080
6722
6722
7772
4116
8945
8528
6593
6628
6637
9180
6875
6626
9335
6402
4838
4686
10420
5309
5443
5641
2242
5652
5602
5585
5549
5559
10426
5600
9904
10412
5553
10658
10639
5281
10562
10584
5217
10547
5119
10279
10370
10190
10156
9532
1795
4761
1719
4674
4684
4601
4581
4528
