2348
2415
3011
3049
1146
1159
1138
1175
1173
1190
7824
21584
22722
22833
22996
23094
20618
20568
23334
23370
20932
20813
23505
23601
23714
20931
23817
23884
21113
23847
4250
21039
4332
9765
9779
4274
23825
23962
9952
4375
4292
24018
4403
26300
25183
24576
24918
24310
21611
26281
25154
22157
25386
27173
25706
25868
25839
26016
25514
23813
26079
25843
25728
26052
26092
25867
26074
25974
26123
26124
26095
26322
26393
26342
26127
25698
25585
25008
28716
28617
26967
26941
26633
26796
26364
26260
26082
24959
25531
23974
19226
8273
25640
19141
8069
8281
19271
8328
8166
19024
29832
5677
30175
30163
30247
26859
30649
31132
31208
30886
30771
27041
27023
27113
25985
26010
27002
10670
10520
26655
10609
10200
9952
10013
6128
9575
26588
9297
9441
26070
11302
11303
7691
26126
30354
11291
11308
25135
11356
24118
22961
23407
30507
29234
28755
27851
25242
22943
25721
27277
26868
28237
27151
26528
12436
12551
12580
28205
28429
25228
12556
12500
28541
28607
12568
21644
29390
29399
29635
29316
29262
29525
29570
29799
29620
29467
29424
24144
29239
29507
13423
28671
28609
13224
28208
13054
13253
13212
22994
28265
27875
13165
27822
27380
27668
8552
13307
27220
13299
13215
