590
636
642
659
1402
1406
1393
722
1406
1447
3732
5246
5551
5513
5734
5598
5837
5690
5785
5698
5893
5749
5836
5706
5883
6000
6069
6037
6066
6054
3319
6090
3422
3939
3929
3326
6069
6097
4013
2128
3424
6117
3423
6558
6920
6870
6918
6863
6931
6464
6913
7007
6995
6878
6833
6882
7029
6963
7003
7104
7118
6971
4254
6886
7105
7019
7012
7003
7006
6973
6912
4150
7050
6973
7037
7023
7061
7803
7793
7739
6099
6062
6058
6069
5912
2980
5895
5862
5834
5555
6623
5381
7938
6609
5355
5362
6655
3299
5373
6639
7868
5397
7869
7870
7916
8478
4599
8714
8576
8385
8140
8565
8547
8517
8581
8592
8490
5940
5679
8455
5809
5808
5597
5439
4833
5399
5908
5156
5498
8601
6306
6299
6300
8629
8378
6312
6315
5684
5186
5440
5247
2319
8297
6579
6488
6219
5982
5461
6276
6168
6168
6601
6437
6306
6412
6497
6503
8947
8961
6031
6494
6450
8963
8953
6504
5316
9013
9035
5380
8983
9003
8986
9201
9172
9150
8970
9050
9062
9083
9072
6546
8289
8227
6443
8030
6397
6443
6394
8109
7983
7904
6365
7872
7765
7744
6263
6254
6558
6196
6134
