3375
3459
3836
3884
3090
3122
1993
3123
3116
3145
9396
16870
20551
20591
20742
20803
18180
20850
18316
20894
21174
21028
21099
20929
18312
21213
21471
21190
21406
21058
6377
18566
5017
9843
9854
6461
21013
21214
10141
6560
6672
21234
6668
22526
24855
21174
24728
24294
24634
22307
24866
25123
24916
19905
21636
21707
25106
25110
25186
23378
25229
24931
25345
25222
24690
25380
25200
24938
25138
25238
25436
22005
25402
21874
25050
24528
24563
25199
25088
24736
20334
20018
19740
19564
19480
18959
18979
18026
18313
17369
18293
12073
25071
15487
12036
12065
18316
12123
12138
18198
25143
12151
25203
25127
25140
26475
26091
22345
22400
26340
26260
26952
26956
27324
24922
24914
22810
14140
13632
22585
13894
13562
13026
12746
8860
12638
19195
12258
12653
25014
15575
15365
15528
25008
26755
11704
15567
18407
15582
17775
17128
13187
26470
22154
21741
20796
19012
17359
19600
20892
19982
22176
21696
21111
15990
16204
16177
26386
26413
19227
16192
16158
26380
21630
16170
17005
26472
26683
26902
26425
26461
26655
26872
22028
26625
26745
26450
26426
26595
26538
16167
25563
25475
15947
25153
15904
15905
15894
25283
24801
24873
15752
24269
23811
24206
15725
15609
23570
12431
15346
