1009
1008
1039
446
1414
1426
1403
1448
1449
1454
4788
4476
4627
4653
4654
4655
4616
2820
4702
4920
4690
4864
4937
4951
5028
5067
5054
5067
5097
5142
3815
5198
3861
5102
5110
2277
5223
5242
3479
3860
3917
5364
3927
5267
7734
4817
7478
7470
7567
5124
7573
7906
7643
5636
7904
8072
7911
8275
7865
2906
8070
8389
7996
8235
8250
8081
8469
8533
8376
8593
8258
8637
8571
8498
8741
8763
8797
6458
6378
6317
8614
8631
8586
8483
8581
8509
8326
8144
8334
7927
6788
5399
5781
6747
5417
5423
6832
5420
5450
6745
5964
5461
5945
5886
5837
6445
6108
6547
6626
6529
6508
7021
7079
7878
9619
9646
7962
6086
9386
7894
6012
9203
9190
9150
8979
5682
7652
9026
9039
9685
8056
7892
7867
9704
8109
8052
7875
4329
7946
7407
7176
7144
8337
8392
8304
8063
7308
6671
7504
7968
7747
8058
7717
7472
8914
9025
9031
11723
11631
7023
9026
8979
11750
11744
9034
6085
12147
12166
12124
12141
7513
12084
12095
12066
12020
12051
11935
11943
11997
11931
9385
11547
11521
9259
11325
9217
4956
9199
11387
11127
11230
9143
10987
10784
10871
9027
8980
10606
8906
8578
