3431
3516
3894
3943
3144
3177
2628
3177
3170
3199
9450
18274
20607
20646
20798
20863
19692
20904
19790
20948
21234
21083
21153
20983
19837
21268
21525
21243
21460
21113
6432
20123
5944
9898
9909
6515
21066
21267
10195
6614
6727
21288
6722
22581
24909
23004
24786
24349
24688
22362
24926
25177
24974
21764
23551
23613
25163
25166
25242
23432
25285
24987
25399
25278
25009
25442
25257
24997
25203
25295
25493
23895
25461
23827
25107
24584
24616
25252
25139
24787
20386
20068
19790
19614
19533
19009
19029
18078
18365
17426
18349
12127
25128
16979
12090
12124
18370
12183
12192
18252
25200
12205
25264
25183
25197
26530
26153
24662
24738
26397
26315
27008
27012
27380
24978
24968
25245
14191
13686
25044
13947
13613
13080
12823
10706
12692
19245
12316
12704
25070
15629
15418
15582
25064
26810
13801
15623
18457
15635
17827
17178
15394
26526
22204
21791
20848
19062
17415
19651
20942
20033
22232
21752
21166
16041
16258
16231
26441
26469
19277
16246
16213
26434
24219
16224
17056
26527
26738
26956
26480
26517
26717
26926
24637
26684
26803
26508
26484
26651
26596
16228
25619
25543
15998
25219
15957
15960
15946
25347
24862
24929
15806
24334
23869
24268
15780
15664
23640
14130
15397
