605
627
647
762
979
773
964
961
979
1726
4323
4360
4361
4363
4280
4451
4292
4488
3554
4402
4361
4399
4388
4403
4357
4416
4374
4407
4344
4426
4409
4438
4390
4419
1774
1065
1065
3443
1085
1765
4253
1085
1794
1115
1123
1929
1976
3271
3259
3841
3915
3797
3816
3045
3998
3863
4026
3083
3881
3907
4011
3973
3975
4023
4000
3999
4039
3979
3977
4002
4034
3980
3996
4056
2603
1873
1861
1876
3346
3330
1862
1879
1873
3187
3187
4523
1709
1678
1587
1690
1638
2072
4888
2017
2008
4870
2044
3760
2056
2049
4878
3768
5395
5349
2036
2030
2049
5396
2121
2041
5430
1966
4236
4208
5828
4388
3070
4367
4368
4361
4359
4351
4318
4338
5775
4325
5860
5754
4179
5803
5695
4175
5653
5639
2862
5587
4141
5510
5469
5438
5368
5327
3859
3767
3763
3707
3708
3632
3588
3477
