2063
2136
2314
1496
1428
1470
1493
1521
1499
4159
6290
6361
6450
6384
6302
6559
6327
6581
6464
6518
6482
6524
6485
6509
6475
6554
6450
6568
6402
6466
6422
6489
6424
6432
4549
3491
3486
6342
3533
4480
6365
3542
4568
3560
3601
3648
3732
7442
7491
7553
7597
7517
7533
7634
7601
7636
7667
7649
7642
7635
7723
7667
7689
7709
7762
7667
7722
7711
7659
7749
7790
7733
7752
7827
5574
5903
5882
5903
7696
7604
5902
5973
5912
6487
6539
10102
5916
5799
5733
5957
5878
7454
10378
7478
7384
10427
7522
8498
7518
7549
10492
8589
12393
12231
8504
8466
8487
12415
8560
8520
12568
8356
10146
10046
13472
10791
10829
11108
11084
11104
11002
10930
10857
10831
13608
10769
13250
13424
10697
13773
13780
10564
13480
13910
10423
13592
10303
13857
13584
13762
13597
13601
9843
9550
9269
8643
8336
7948
7644
7172
