831
868
877
900
1625
1629
1618
1315
1633
1668
3956
5469
5776
5737
5955
5825
6058
5913
6005
5921
6118
5971
6057
5929
6106
6222
6289
6255
6292
6276
3540
6315
3649
4162
4150
3552
6288
6317
4228
3028
3649
6338
3649
6781
7146
7102
7146
7087
7158
6686
7144
7232
7224
7098
7064
7105
7258
7186
7231
7328
7339
7195
5979
7112
7330
7253
7232
7227
7246
7194
7138
5871
7277
7199
7265
7244
7281
8022
8012
7954
6319
6286
6270
6286
6179
4849
6111
6075
6047
5778
6845
5601
8159
6825
5581
5588
6872
4640
5599
6854
8096
5619
8104
8098
8145
8698
6736
8935
8796
8606
8426
8788
8767
8742
8800
8808
8710
6162
5908
8677
6042
6027
5829
5676
5236
5631
6129
5456
5721
8823
6530
6517
6522
8846
8599
6535
6535
5925
6009
5678
5489
4169
8518
6809
6709
6473
6245
5686
6497
6563
6379
6833
6666
6536
6627
6721
6724
9163
9180
6252
6713
6675
9177
9170
6721
5533
9228
9250
7538
9204
9221
9210
9418
9390
9374
9201
9287
9289
9302
9303
6767
8535
8474
6656
8261
6615
6655
6615
8371
8213
8146
6577
8110
8019
8009
6476
6463
7401
6404
6345
