979
995
1436
1445
5129
11452
10454
11666
10526
11564
11898
11559
11610
10944
11621
11839
11679
11846
10706
11842
10717
11891
11900
5269
3255
5177
3315
3404
5219
3380
3445
2939
11462
13024
11718
9117
11617
14188
14226
14363
14164
14260
14323
14220
12832
13072
14399
11302
13093
14450
14379
14328
13143
14306
14420
11218
6380
6351
6341
9353
9272
6370
6350
11697
9381
6448
12343
12369
12434
12477
12398
11099
11001
12227
12092
11124
7046
5267
5203
7610
10719
11513
7658
6439
7616
11965
7670
11442
7690
7321
7209
6951
11412
11331
11311
11313
11243
11223
11224
11083
