1157
1461
1541
1053
1045
1056
1061
1078
1071
3631
6454
6527
6710
6612
6566
6810
6625
6796
6792
6832
6688
6762
6708
6793
6717
6836
6752
6861
6511
6634
6508
6619
6448
6540
3858
3363
3358
6298
3432
3798
6416
3441
3874
3553
3599
1823
1849
7961
7988
9695
9689
8514
9682
9730
9724
9748
9823
8665
8607
9829
9876
9843
9827
9842
9895
9855
9853
9835
9866
9913
8721
9900
8763
9949
3651
7540
7535
7689
8266
8082
7611
7638
7572
2508
3404
11998
8345
6850
7934
8095
7864
10240
12042
10261
8788
12051
10309
4875
10260
10266
12074
4923
13377
13303
10934
10886
10887
13406
11024
10909
13452
10822
6045
6035
14100
6719
6795
7383
7424
7479
7541
7546
7538
5704
14064
7595
14082
14086
7584
14403
14330
7572
14292
14246
7541
14293
7539
14080
12042
11894
13976
13832
7294
7196
7187
6718
6638
6495
5472
4669
