2462
2532
3128
3165
1256
1270
1248
1285
1281
1298
8742
21699
22839
22946
23107
23211
22127
22082
23449
23479
22451
22374
23615
23710
23828
22541
23926
23992
22716
23958
4361
22672
4447
9877
9890
4390
23962
24070
10059
4486
4402
24126
4511
26413
25294
24687
25031
24421
23427
26391
25269
24056
25503
27288
25817
25979
25951
26129
25627
25791
26193
25954
25840
26164
26202
25984
26185
26088
26244
26235
26208
26435
26509
26453
26239
25808
25694
27101
28823
28718
27073
27043
26733
26896
26466
26360
26182
25064
25633
24081
19339
8381
27929
19248
8184
8393
19378
8442
8274
19131
29944
7119
30290
30274
30359
29189
30765
31247
31319
31000
30883
29518
29505
29624
26095
26117
29510
10778
10634
29146
10731
10320
10077
10135
7834
9693
26688
9440
9550
26181
11411
11410
9691
26234
30465
11403
11417
25236
11469
24223
23062
23509
30618
29338
28856
27953
25342
23044
25821
27379
26970
28348
27261
26638
12544
12659
12690
28313
28538
25329
12664
12608
28649
28714
12675
21744
29498
29507
29742
29424
29372
29637
29678
29910
29738
29585
29559
27058
29382
29632
13533
28795
28717
13332
28322
13158
13358
13315
25853
28379
27988
13274
27935
27491
27780
11202
13416
27355
13403
13328
