1179
1184
1213
941
1579
1593
1568
1614
1613
1619
4955
4645
4797
4821
4823
4826
4783
4066
4868
5088
4861
5033
5105
5119
5199
5237
5221
5235
5265
5310
3981
5368
4035
5269
5277
3265
5388
5408
4534
4026
4082
5531
4091
5435
7908
6381
7651
7641
7737
5292
7751
8076
7816
5804
8078
8244
8084
8446
8037
4445
8242
8559
8169
8411
8422
8261
8641
8705
8557
8763
8429
8808
8749
8667
8913
8942
8972
6624
6543
6481
8782
8798
8744
8648
8746
8670
8492
8305
8495
8094
6956
5563
5948
6908
5581
5590
6993
5588
5616
6907
6135
5627
6126
6063
6008
6611
6282
6714
6794
6703
6675
7191
7246
8053
9786
9806
8128
8110
9573
8060
8034
9429
9368
9322
9147
7673
7829
9201
9217
9852
8222
8056
8033
9865
8275
8219
8048
6237
8113
7578
7338
7313
8503
8565
8471
8240
7480
6847
7685
8133
7934
8228
7887
7640
9083
9193
9194
11884
11793
7191
9189
9148
11911
11905
9195
6268
12308
12327
12287
12304
10142
12253
12258
12231
12187
12219
12113
12111
12162
12110
9551
11726
11697
9422
11506
9381
7395
9359
11557
11296
11412
9305
11163
10964
11048
9192
9138
10803
9064
8873
