1668
2111
2311
2502
2922
2524
2998
2553
2987
5868
6537
6597
6532
6231
6149
5584
6171
6382
5311
6279
6245
6284
6144
6151
6101
6169
6116
6161
6077
6159
6138
6156
5108
6164
6405
5692
5695
6079
5720
6381
6078
4934
6423
5012
4987
3702
3772
9095
9225
8417
8474
8364
8420
8579
7291
8486
8595
8545
8520
8548
8607
8590
8519
8540
8571
8574
8420
8509
8560
8532
8571
8570
8601
8601
5028
7515
7514
7528
9584
8153
7505
6299
7541
6577
6579
11412
4719
3576
4588
4686
4659
8022
11935
7956
7666
11907
8020
7308
8032
7991
12016
7311
13035
13054
7976
7730
7823
13191
8190
7824
13141
5765
8047
7820
13647
8404
8437
8649
8569
8525
8418
8390
6583
8334
13682
8300
13571
13546
8112
13200
13120
6074
13080
12927
5866
13066
7474
12744
12778
12545
12540
12401
7211
7092
7066
6909
6920
6789
6696
6567
