1428
1464
1564
1216
1187
1224
1254
1262
1229
3852
3651
3693
3748
3738
3644
3817
3642
3834
3731
3717
3692
3734
3690
3725
3666
3714
3638
3690
3638
3707
3700
3687
3689
3731
4091
3844
3218
3697
3888
4055
3726
3905
4144
3952
3989
1730
1769
6661
6679
5866
6072
5888
5878
6099
5155
6115
6142
6144
6128
6146
6199
6143
6214
6217
6274
6219
6248
6222
6224
6323
6324
5296
6314
6333
3369
6363
5274
6415
6768
5699
6392
5350
6390
3763
3775
7776
5165
4081
4938
5224
4084
6937
7775
6901
6739
7934
6961
4302
6945
6942
7997
4335
9160
8740
6858
6845
6860
9395
7100
6855
9547
6625
5056
4929
10630
5554
5674
5881
4279
5889
5830
5815
5797
5798
10638
5830
10116
10625
5781
10893
10870
5521
10789
10810
5450
10774
5346
10520
10600
10422
10409
10043
3665
5006
3590
4916
4914
4834
4809
4751
