2054
2099
2180
2221
2635
2667
2652
2664
2614
2673
6654
8794
9422
9384
9628
9632
9756
9796
9761
9889
9892
9999
10031
10029
10142
10246
10311
10281
10351
10277
5582
10397
5686
7299
7269
5582
10391
10453
7393
5691
5671
10478
5653
11185
12406
12229
12364
12230
12446
11184
12498
12644
12642
11823
12656
12740
12782
12820
12750
11945
12908
12966
12879
12861
13053
12942
13026
13089
13170
13103
13006
13114
13265
13147
13348
13371
13360
13288
13240
13222
12590
12625
12578
12567
12592
12549
12438
12286
12373
12072
11239
9028
13452
11082
9027
9115
11205
9130
9058
11077
13605
9120
13722
13824
13863
14568
14261
14736
14840
14505
14500
15098
15139
15374
15822
15821
15386
12421
12210
15398
12325
12355
12208
11994
11649
11908
13075
11701
11856
16004
12335
12274
12306
16002
15789
12325
12314
13405
12322
13156
12990
12960
16061
14827
14691
14436
13849
13111
14030
14314
14186
14819
14415
14147
13543
13675
13790
18108
18140
13590
13712
13667
18191
18247
13721
12625
18919
18913
19166
18841
18907
19044
19120
19177
19257
19060
19320
19220
19033
19103
14321
18706
18690
14206
18510
14053
14146
14169
18474
18432
18310
14022
18201
18076
17978
14187
14135
17816
14050
13961
