73
56
78
59
129
97
88
70
82
91
85
67
75
84
55
81
96
107
94
96
73
100
95
104
89
82
80
89
102
104
91
87
89
122
96
66
68
107
84
88
104
73
100
101
75
269
240
127
140
118
119
100
109
112
87
84
106
87
107
122
81
104
113
114
106
101
130
92
101
116
114
101
111
86
210
107
138
97
105
140
136
104
111
261
235
179
253
248
197
189
241
165
132
129
173
142
153
292
162
141
190
241
184
183
211
186
186
222
237
226
250
221
263
240
193
272
279
232
215
175
220
264
264
244
209
244
261
200
205
232
262
243
212
202
247
199
227
210
204
203
188
220
234
227
254
301
238
297
266
337
