103
122
136
139
115
91
89
117
143
116
104
94
101
104
89
96
101
93
86
107
129
76
95
92
124
98
118
113
137
132
129
129
128
110
163
146
102
131
110
88
129
135
154
127
113
135
122
132
111
125
125
102
144
174
151
132
125
135
129
141
170
143
131
165
142
154
136
151
137
140
169
139
164
141
137
126
148
177
187
176
201
160
185
202
144
163
140
161
138
122
92
160
189
141
150
94
142
119
119
150
164
108
201
167
197
205
181
195
163
201
185
202
232
167
187
154
165
233
264
199
277
207
228
273
199
223
242
291
277
190
202
182
160
187
213
192
186
241
200
223
182
288
239
223
227
237
196
203
207
233
207
217
210
245
249
284
204
224
194
252
248
201
231
207
251
254
184
237
190
248
184
230
220
203
227
200
200
221
197
241
218
248
193
187
198
223
243
192
240
215
239
211
219
226
236
211
221
251
237
186
