386
911
933
935
949
912
1178
1183
1184
1227
1217
1213
1747
3486
3546
6306
6485
6524
6534
6650
6742
6738
6609
6761
6840
6880
4271
6810
6670
6789
6678
6774
6687
6589
6792
6524
6808
6452
3225
3257
3787
3788
3308
6810
3352
3394
6653
3452
6971
7367
10143
10152
10116
10305
10393
10446
6780
7241
10577
7232
10559
10329
10510
10675
10569
10464
10679
10540
10776
10568
10630
10564
7658
10642
10654
10788
10603
10794
10753
7589
10838
10814
10838
8507
5860
5892
5829
5803
5712
5675
5628
5507
7397
7176
7488
7932
7232
7318
7322
7509
7401
8064
8060
7331
8524
8049
8628
8241
8940
8284
8928
8589
8896
8369
8857
9085
9077
9721
9004
9329
9694
8769
9467
9440
5526
9048
9016
5751
2817
5727
10529
11639
10549
10593
11724
10653
5518
11677
10604
10625
11742
5572
9105
8953
7157
7034
6244
5679
6770
5849
7109
6749
6862
13901
12422
13984
12365
12367
13927
12425
12396
12289
14113
6233
6899
6441
15263
15324
15350
15363
15603
15599
15650
10527
15596
15601
15554
15557
15502
15507
13474
15327
14855
13268
15271
13468
13297
13359
15302
15063
9672
8671
14793
14412
14550
13594
13590
14198
8758
13458
