412
1158
1160
1210
1231
128
564
551
550
550
2137
2770
4442
4474
4486
4595
4638
4652
4730
4751
4744
4774
4742
4825
4823
4807
2966
4780
4629
4802
4615
4697
4502
4553
4451
4492
1161
2181
2287
1202
1180
1223
1199
2293
370
2372
2438
4532
3927
3933
3919
3926
3936
3890
3941
3943
3954
3848
3948
3934
3946
3945
3888
3921
3901
3880
3841
3921
3839
3907
3853
1795
3920
3834
2150
4599
2146
4534
2181
4637
2170
4589
2167
4684
2189
1934
2106
2074
1784
1997
6326
6607
2681
2781
2794
6784
6409
2757
2833
6928
2805
7010
8486
9201
3045
3227
3158
9240
9254
3166
3072
3134
4534
8324
9360
9448
9922
5128
9976
10018
10006
10018
9906
9897
10088
9924
10039
10024
9960
10662
10693
9943
10733
10660
9834
10527
9683
4960
10411
10323
10412
10426
5569
9378
9360
9066
9063
8935
8840
8721
