1272
1386
351
354
3763
8553
6721
8761
8768
8747
6958
8762
8835
8820
8823
8864
8887
8949
8939
8968
8996
9000
8181
3850
3921
1528
1555
1585
3951
1607
1582
1601
7893
10378
7874
9948
10475
10007
10084
9929
10163
10212
7688
9958
10051
10193
10241
10107
10172
10272
10299
10274
9649
10308
8014
3208
8189
3192
3206
11223
3205
8082
3251
11209
3276
11157
11539
11077
8768
8696
8705
11370
8717
11562
8584
11424
11128
10222
2434
2226
10471
10948
2161
4679
2241
10465
4677
4735
8010
4673
10017
9801
9916
10102
10004
10109
10192
10163
9990
9833
