2099
2112
2208
2203
2272
1329
1873
1865
1897
1905
1933
1950
3981
6720
6799
10464
10690
10735
10823
10533
10432
10983
10461
11061
10826
10729
10551
10745
10567
10749
10443
10734
10310
10285
10611
10223
10488
10061
5607
4004
5322
7092
5675
10489
5731
5806
10382
5858
11948
11498
13705
10403
13550
13908
13897
14025
11498
13851
10732
12218
14120
13777
14062
14279
14082
14241
11027
14313
14385
14285
11081
13935
14439
14168
14050
14415
13705
14312
13885
14444
13986
14313
14387
13278
8561
8641
8548
8500
8194
8170
8082
7703
11547
9579
11610
13259
9622
9659
9670
11654
9525
13287
13444
9654
14336
13933
14714
9807
14837
13653
14904
14236
14897
13946
15062
10845
14930
9946
14493
9368
9947
8535
9292
9362
8757
8994
8889
8772
9271
8801
12499
16515
12517
12551
16592
12608
8496
16517
12742
12561
16609
8635
14621
9713
11112
10848
9895
8810
10313
9119
10726
10204
11501
13898
14148
18643
14107
14110
18633
14063
14164
14049
18554
9864
10787
10003
19198
19203
19242
19214
19355
19350
19347
19555
19504
19532
19461
19472
19394
14155
14880
18678
18530
14640
18724
9829
14485
14637
13531
18358
18093
14440
17985
17560
17639
14420
14346
17228
13983
14113
