660
2186
2271
1448
2308
1029
1066
1067
1094
1074
4048
6744
6787
4825
6737
6483
6979
6375
6725
6631
6433
4494
6451
6541
6519
6490
6492
6464
6351
6507
6241
6446
6352
6477
6216
6318
3099
4199
4282
3143
1664
3208
3161
4291
3243
3530
3603
7661
7458
4901
7598
7457
7654
7621
7659
7643
5176
7635
7693
7670
7750
7711
7719
7812
7776
7777
7711
7890
7812
7813
7889
7903
7976
6432
5202
7984
5253
7600
5255
6622
5254
7967
5256
6677
5328
6015
3436
6091
3116
5877
11560
11597
7291
7307
7328
11670
11653
7311
7379
9190
7327
9288
14447
14543
8094
4484
8383
14566
10141
8436
8388
8353
11442
11463
12808
12852
8090
13261
13242
8071
13234
15814
13224
13197
15963
7904
15569
15412
12990
17022
17876
12898
17906
17966
12696
17854
12642
12628
17577
17398
17544
17423
17113
12097
11246
10855
5756
10350
10267
10165
