2326
2359
2540
2553
2610
2623
1391
1386
1423
1410
1456
1455
4666
5472
5612
9049
9209
6826
9325
9237
9410
9452
9447
9531
9452
9620
9573
9655
9655
9726
9698
9775
9728
9716
9800
9711
7231
9618
4601
4649
5987
6007
4653
9888
4728
4775
9820
4841
10563
11080
11855
8804
11841
12168
12221
12285
10373
12160
12396
10840
12360
12161
12330
12542
9290
12475
12567
12463
12614
12451
12604
12506
12749
12569
12726
12808
12659
12836
12892
12715
12923
12863
12794
11849
9746
9911
9868
9838
9620
9623
9385
9223
8575
9754
11236
11172
9816
9894
9903
8715
9953
11233
11348
9933
12088
11651
12338
11731
12491
11737
12856
12544
13191
12358
13258
14369
14401
10242
14271
10051
10245
6447
9916
9893
9567
6487
9767
9765
10011
9757
13060
11472
13085
13038
15270
13096
9591
15255
13125
12678
11490
9618
14549
13924
11448
11299
10301
9322
10834
5878
11143
10562
11418
16393
13228
16397
13257
13227
12153
13251
13495
12725
16355
10228
10787
10198
12135
16383
16392
16370
16379
16379
16361
16360
16339
16201
16132
16138
16070
16075
13058
15782
15686
12649
15655
12663
12579
12589
15673
15560
15488
12476
15486
15204
15302
12406
12307
14938
12275
12168
