434
2027
2039
1283
2109
611
635
625
656
650
2205
5849
5936
5979
5909
5737
6140
5754
5940
5883
5789
5873
5838
5884
5935
4122
5861
5900
5790
5915
5783
5891
5755
5861
5591
5692
2451
3517
3575
2522
2492
2552
2533
3601
2546
3555
3599
6569
5275
5278
5258
5257
5281
3085
3178
5268
5275
5265
5274
5253
5303
3164
5243
5339
5296
5357
5295
5372
5357
5296
5400
5400
5439
3553
4122
6721
4130
6578
3972
5375
4126
6632
3983
5405
3987
2882
3040
2942
2736
2922
9277
9313
4639
4737
4740
6488
9349
4665
4753
7350
4742
7444
10543
10545
3985
4752
4692
10604
10637
4635
4627
4597
4408
8537
4353
8474
8379
8338
8230
8248
4003
11219
8057
8019
11198
7909
11162
11150
7855
10784
10721
7821
10695
10681
7766
10625
7655
7123
10281
10114
10312
10169
9993
6655
6338
6218
6183
6077
5984
5851
