923
1672
1707
1755
1763
1214
766
1243
1263
1280
4961
8219
8320
8398
8414
8484
8629
8534
8637
8708
8615
8715
8670
6771
6775
8759
8759
8688
8604
8807
8516
8770
8419
8549
8188
8421
3689
5197
5269
3789
2560
3893
3829
5321
3940
3357
3397
9982
9846
9854
7304
7335
9856
7329
9854
9863
7369
9765
9863
9824
9872
9856
9798
9884
9844
9850
9833
9916
9864
9870
9869
9961
9955
5071
7176
10086
7210
10021
7202
6305
7210
10101
4949
6510
7243
5066
5261
5178
4626
4880
14159
10643
8752
8812
8818
14220
14221
8787
8857
9547
8824
5892
15281
15237
8572
8983
8928
15307
15301
8897
8748
8757
6159
6229
9852
9826
9933
9963
10037
10045
9974
15065
9797
9530
15016
9523
14849
15039
9479
13811
13728
9422
13690
9761
9365
13652
8721
8592
13355
13238
13480
13408
13272
7904
7814
7508
7395
7256
7128
6193
