465
1009
1040
1037
1056
1047
2226
2219
2251
1285
2283
2290
1468
3701
3776
5283
5445
5480
5491
5618
5784
5686
5831
5679
5766
5942
5852
6002
5846
5975
5882
5961
5902
5957
5980
5867
6041
5863
3875
3923
4032
4073
3967
6077
3994
4066
6035
4104
5774
7384
9746
9770
9747
10085
10230
10276
5865
10097
10431
6055
10388
10139
10394
10543
10430
10496
7574
10576
10617
10630
10663
10738
7688
10757
10833
10805
10903
10765
11004
7866
10269
10921
10882
7600
6277
6318
6250
6250
6055
6079
6035
5834
7455
7795
7554
6327
7853
7980
7983
7586
8077
6368
6661
8049
6950
6783
7106
6750
7309
7204
7633
7526
7772
7401
7751
8600
8700
10925
8746
10636
10997
6910
10828
10800
5833
7046
10592
10535
6072
5939
11643
12009
11630
11639
8418
8124
5604
12022
11653
11645
12057
5684
9225
8980
7326
7146
6438
5428
6942
5980
6977
6606
7348
13608
12403
13605
12378
12399
13533
12393
12424
12302
13616
2819
6717
6323
14011
14037
14024
14027
14049
9483
14042
14028
13973
14008
13664
13932
13844
13877
12731
13495
13120
12580
13406
12440
12423
8208
13405
13296
12845
12375
12930
12410
12659
12293
12251
12315
12198
12072
