1015
2170
2236
2303
2261
1605
1670
1628
1649
1656
4538
5987
6025
6023
6012
5987
6277
6058
6132
6215
6150
6236
6150
6294
6207
6202
6281
6232
6222
6319
6224
6289
6235
6263
6144
6228
3622
4763
4849
3696
3675
3729
3719
4865
3710
3811
3822
7614
7158
7224
7234
7194
7335
7284
7354
7324
7386
7359
7378
7322
7409
7395
7368
7429
7378
7426
7472
7471
7507
7410
7555
7551
7652
5718
5969
7836
5999
7703
5996
6465
5990
7827
5977
6471
6001
5849
5992
5907
5583
5831
10215
10247
7356
7450
7518
10423
10376
7471
7598
8454
7566
8470
12333
12432
8151
8556
8430
12447
12530
8463
8293
8384
10044
10078
11100
11052
11298
11249
11243
11182
11163
13452
11124
11026
13495
11015
13322
13193
10916
13431
13673
10789
13798
13907
10724
13539
10507
10399
13801
13692
13487
13590
13537
9883
9575
9022
8671
8189
7782
7362
