468
1217
1223
1274
1290
412
619
608
605
606
2191
3696
4503
4534
4550
4654
4695
4712
4785
4808
4799
4833
4799
4880
4878
4863
3995
4835
4683
4856
4668
4751
4556
4609
4520
4551
1216
2235
2340
1258
1240
1279
1256
2347
885
2430
2496
4586
3983
3992
3976
3987
3993
3946
3997
3999
4011
3908
4004
3990
4002
4001
3944
3982
3957
3936
3901
3977
3903
3963
3914
2978
3977
3890
2209
4653
2210
4588
2236
4695
2225
4644
2222
4745
2244
2023
2168
2134
1917
2055
6381
6660
2742
2838
2849
6837
6462
2816
2888
6986
2862
7068
8539
9255
3105
3284
3217
9295
9311
3222
3159
3195
6605
8382
9417
9505
9979
7740
10034
10076
10068
10098
9962
9953
10142
9979
10096
10082
10017
10743
10760
9998
10787
10723
9893
10598
9739
7541
10491
10397
10501
10486
8149
9436
9421
9125
9120
8996
8899
8776
