2383
2418
2597
2609
2666
2685
1446
1442
1478
1465
1511
1511
4723
5527
5667
9106
9267
8174
9382
9294
9466
9509
9505
9588
9508
9679
9629
9711
9714
9782
9755
9833
9785
9772
9856
9766
8694
9677
4656
4708
6043
6068
4708
9944
4783
4830
9874
4896
10623
11135
11908
10486
11903
12221
12274
12344
10429
12213
12450
10896
12414
12216
12388
12595
10990
12529
12620
12516
12674
12504
12657
12558
12802
12622
12788
12861
12714
12905
12951
12768
12984
12919
12854
11901
9859
9962
9927
9898
9674
9676
9440
9286
10013
9811
11292
11228
9871
9949
9959
10146
10011
11291
11405
9988
12145
11706
12395
11788
12548
11793
12914
12602
13249
12414
13316
14426
14458
10296
14331
10116
10311
8164
9977
9949
9626
8329
9830
9829
10065
9820
13116
13540
13139
13093
15330
13151
9646
15316
13185
12738
13566
9673
14607
13982
11506
11355
10353
9376
10937
7949
11199
10614
11474
16450
13284
16452
13311
13283
14480
13306
13550
12776
16412
10292
10842
10258
14459
16438
16447
16425
16435
16434
16417
16415
16394
16256
16186
16196
16125
16132
13112
15847
15745
12704
15712
12718
12631
12641
15728
15616
15547
12536
15541
15263
15365
12457
12359
15001
12332
12227
