1456
1561
527
531
3929
8722
7930
8929
8937
8911
8137
8946
9000
8983
8985
9031
9052
9113
9105
9131
9158
9169
8350
4020
4101
1698
1737
1757
4132
1777
1755
1777
9333
10546
8041
10121
10638
10177
10252
10094
10324
10375
9143
10141
10223
10362
10404
10284
10335
10437
10471
10437
9830
10472
8180
3388
8356
3364
3382
11390
3378
8248
3426
11370
3449
11317
11707
11233
10453
10409
10423
11538
10416
11730
10317
11587
11290
10375
2674
2561
10647
11118
3674
4863
3737
10642
4859
4902
9730
4856
10170
9954
10110
10275
10187
10285
10370
10335
10198
10036
