775
2305
2386
2038
2421
1145
1179
1178
1205
1188
4167
6856
6907
6007
6855
6598
7092
6498
6838
6743
6553
5683
6566
6655
6635
6609
6611
6582
6467
6625
6415
6566
6468
6590
6328
6429
3211
4307
4389
3255
2571
3321
3278
4399
3356
3643
3717
7771
7579
6390
7713
7580
7768
7734
7771
7764
6630
7750
7804
7781
7862
7822
7830
7927
7888
7887
7829
8000
7922
7926
8004
8014
8086
6550
5318
8092
5368
7709
5365
6736
5365
8077
5373
6793
5440
6145
5005
6223
4643
6007
11669
11704
7402
7420
7438
11782
11760
7420
7491
9307
7445
9405
14555
14654
8211
6700
8501
14676
12645
8542
8497
8468
11553
11576
12928
12971
10959
13372
13363
10933
13351
15924
13335
13308
16102
10755
15679
15526
13102
17145
18074
13013
18024
18079
12809
17963
12752
12736
17694
17520
17692
17558
17243
12210
11360
10967
8388
10473
10391
10278
