985
1244
1269
1271
1282
1281
2449
2440
2474
2025
2502
2515
1691
3922
3999
5504
5666
5700
5711
5839
6003
5911
6053
5900
5985
6170
6074
6223
6070
6195
6103
6183
6121
6176
6197
6086
6260
6084
4093
4151
4251
4298
4186
6296
4213
4285
6256
4323
5999
7605
9969
9991
9990
10308
10449
10503
6084
10318
10653
6278
10611
10361
10618
10764
10651
10721
9375
10798
10841
10850
10882
10964
9523
10978
11061
11028
11123
11054
11229
9660
10911
11149
11106
7818
6491
6533
6467
6463
6284
6300
6250
6075
7678
8014
7770
6547
8079
8199
8204
7808
8304
6596
6881
8268
7171
7008
7327
6996
7529
7437
7854
7746
7995
7638
7976
8821
8922
11149
8969
10851
11223
8861
11044
11020
6077
9176
10816
10753
6332
6177
11863
12234
11846
11858
10574
10235
5875
12239
11876
11870
12274
5958
9450
9207
7573
7378
6688
5784
7176
6254
7243
6856
7581
13832
12621
13822
12597
12618
13749
12613
12643
12520
13831
4908
6970
6564
14228
14252
14239
14242
14271
12132
14266
14254
14197
14226
14013
14156
14071
14097
12947
13719
13344
12793
13629
12652
12641
10665
13634
13526
13068
12590
13153
12638
12875
12501
12462
12553
12410
12286
