603
2198
2211
1875
2277
780
801
797
826
816
3045
6018
6109
6152
6081
5911
6306
5935
6117
6055
5978
6047
6014
6064
6111
5253
6052
6072
5960
6082
5953
6057
5922
6030
5781
5882
2618
3679
3736
2690
2667
2719
2700
3763
2717
3718
3764
6733
5448
5454
5436
5439
5455
4418
4470
5444
5456
5441
5452
5432
5476
4459
5429
5512
5468
5521
5475
5537
5530
5469
5570
5565
5603
3719
4291
6886
4298
6742
4134
5540
4303
6800
4148
5579
4153
3083
3241
3163
2949
3100
9441
9475
4805
4905
4904
8185
9509
4834
4916
7529
4912
7616
10704
10714
4359
4918
4859
10772
10802
4812
4798
4775
6755
8702
6773
8656
8552
8510
8411
8421
6410
11380
8223
8185
11361
8079
11326
11315
8029
10955
10895
7993
10864
10849
7932
10804
7831
7291
10452
10287
10505
10344
10177
6823
6506
6388
6353
6246
6156
6038
