2154
2182
2272
2300
2353
2298
2307
2310
2300
2304
2319
2374
4042
6263
6434
9301
9466
9640
9787
9820
9962
9960
10075
10111
10169
10246
10287
10377
10336
10481
10405
10505
10410
10511
10585
10499
10637
10465
5283
5277
7210
7236
5327
10679
5347
5343
10679
5425
11456
11278
12266
12286
12236
12509
12524
12608
11692
12494
12728
12024
12709
12547
12662
12865
12752
12792
12892
12871
13011
12890
13039
13026
13085
13053
13245
13169
13145
13229
13242
13199
13319
13345
13260
13388
11929
11960
11955
11984
11708
11684
11551
11342
11404
8980
11479
13337
9070
9137
9113
11512
9122
13384
13667
9077
14129
13897
14451
14074
14734
14151
14812
14554
15014
14429
15029
15141
15246
11754
15187
11444
11774
10909
11537
11538
11991
11194
11242
11172
12523
12539
11950
15519
11974
11874
15552
11956
12228
15468
11975
11903
15605
12286
15828
15658
14410
14318
13490
12407
13943
12805
14210
13685
14518
17761
13567
17906
13545
13472
17783
13616
13541
13420
17857
13361
13884
13356
18496
18512
18551
18537
18713
18773
18687
18760
18786
18729
18761
18734
18761
18746
14009
18258
18196
13890
18171
13905
13823
13886
18040
17937
18071
13811
17806
17745
17590
13906
13836
17381
13867
13713
