1145
1896
1932
1986
1995
1440
1249
1469
1499
1501
5183
8441
8545
8624
8635
8709
8849
8764
8859
8931
8851
8938
8893
8058
8058
8990
8994
8951
8836
9028
8743
9001
8652
8786
8442
8645
3913
5418
5485
4011
3446
4115
4054
5538
4166
3577
3620
10201
10072
10088
8873
8904
10085
8869
10086
10089
8930
10001
10091
10059
10103
10084
10035
10113
10077
10079
10062
10133
10091
10096
10101
10178
10180
5292
7400
10305
7435
10243
7429
6528
7433
10321
6377
6735
7465
5329
5512
5450
4921
5125
14377
12727
8973
9034
9041
14439
14435
9008
9077
9783
9050
8170
15495
15458
8787
9207
9149
15531
15521
9119
8966
8978
8426
8478
10080
10066
10158
10185
10267
10269
10204
15280
10018
9758
15232
9744
15070
15256
9701
14041
13965
9645
13919
12048
9582
13881
8941
8813
13620
13505
13724
13648
13498
8117
8050
7722
7634
7474
7355
6415
