843
1094
1113
1119
1123
1093
1349
1349
1352
1394
1383
1386
1937
3648
3713
6472
6651
6690
6701
6818
6907
6908
6776
6928
7005
7053
5706
6977
6838
6954
6842
6941
6852
6755
6957
6687
6971
6615
3391
3432
3949
3959
3475
6975
3520
3565
6815
3621
7141
7530
10311
10319
10307
10472
10558
10615
6945
9029
10741
7400
10728
10498
10681
10840
10735
10636
10844
10705
10946
10731
10793
10737
9516
10807
10828
10956
10769
10970
10928
9442
11004
10983
11008
8670
6019
6056
5992
5963
5871
5845
5797
5682
7560
7343
7649
8097
7404
7485
7491
7674
7574
8233
8229
7498
8691
8217
8795
8417
9106
8462
9094
8754
9065
8545
9026
9252
9244
9889
9171
9505
9859
9021
9632
9611
5706
9220
9192
7639
4710
5897
10704
11804
10713
10760
11889
10819
5712
11839
10774
10796
11903
5754
9273
9122
7355
7202
6416
5854
6939
6033
7282
6913
7166
14065
12584
14145
12529
12536
14088
12593
12564
12469
14273
6401
7072
6610
15425
15484
15510
15523
15771
15761
15814
13406
15768
15771
15719
15731
15676
15679
13639
15504
15044
13469
15446
13645
13477
13533
15469
15236
12555
11330
14965
14592
14719
13767
13752
14419
11492
13620
