2210
2229
2318
2314
2387
1952
1983
1974
2006
2014
2042
2060
4093
6830
6907
10575
10801
10849
10934
10644
10543
11094
10571
11172
10936
10850
10662
10855
10681
10860
10552
10846
10422
10395
10720
10329
10600
10166
5721
5004
6352
7205
5784
10599
5841
5915
10487
5967
12062
11605
13814
12242
13671
14019
14007
14139
11608
13961
12628
12331
14232
13887
14175
14390
14191
14353
12872
14422
14499
14397
12963
14044
14549
14280
14166
14529
13814
14434
13996
14560
14220
14423
14503
13382
8667
8747
8655
8618
8302
8287
8189
7889
11653
9688
11717
13370
9733
9768
9782
11761
9637
13400
13554
9764
14447
14045
14825
12007
14948
13768
15015
14346
15012
14060
15174
13182
15042
10051
14606
9533
10052
8725
9406
9471
8876
9101
9004
8898
9391
8918
12612
16622
12625
12661
16703
12716
8607
16625
12855
12675
16716
8741
14732
12125
11229
10958
10007
8920
10421
9230
10835
10316
11617
16500
14255
18750
14214
14221
18740
14218
14272
14160
18660
9990
10900
10121
19305
19309
19349
19321
19464
19458
19455
19669
19620
19644
19570
19588
19516
17071
14987
18802
18661
14754
18851
12512
14597
14756
16369
18474
18212
14551
18112
17672
17753
14533
14452
17354
14223
14221
