65
67
97
80
92
134
104
90
136
124
159
109
125
98
125
110
96
86
82
113
112
125
95
97
93
94
98
99
105
99
112
107
112
117
114
115
107
114
116
169
110
135
93
118
122
122
104
105
161
144
168
153
185
149
111
137
161
143
106
158
143
143
125
138
139
139
132
128
139
154
90
151
116
122
124
123
147
151
167
142
189
162
167
159
161
150
138
145
122
122
153
190
163
140
156
184
122
80
131
139
129
222
144
132
188
159
199
145
151
200
188
172
166
185
197
152
155
250
165
234
233
245
235
202
205
267
219
241
215
275
141
190
126
200
177
185
234
211
189
180
153
254
230
223
250
192
235
285
242
254
191
268
177
223
192
162
158
227
211
175
230
196
182
254
220
283
183
194
202
191
266
173
242
220
216
193
217
211
222
181
230
230
239
199
213
224
210
214
235
191
187
236
242
279
259
227
236
257
199
192
