27
77
72
70
81
92
56
92
83
78
103
78
101
109
91
71
47
81
103
65
97
93
95
54
105
107
70
117
72
90
114
89
77
132
120
106
82
109
90
90
113
100
97
107
122
277
291
149
86
95
107
99
88
106
70
107
86
85
85
111
94
76
101
109
120
117
75
93
114
108
120
124
82
268
115
131
117
116
98
251
118
134
127
295
134
204
222
258
317
295
144
201
135
166
136
173
141
133
108
313
127
300
154
164
176
210
249
245
238
193
291
197
310
300
232
253
220
237
218
254
248
219
185
236
236
216
226
273
222
267
218
263
229
229
209
199
239
260
222
211
244
205
238
160
240
237
271
328
330
377
