2259
2277
2424
1409
1459
1450
1494
1510
8777
8845
8856
8944
8828
8851
8940
7312
9053
9134
9153
9212
9220
9242
9271
9369
9315
9389
9297
9410
7227
9425
6330
5636
8884
5708
9378
6491
5729
4681
6507
5756
9308
5796
4393
5854
2795
9229
11703
11762
9323
9449
11931
11886
11843
11961
11905
9488
11932
11945
11954
11950
11956
11967
11958
11947
9506
12035
12024
12083
11977
12096
10330
5232
10105
10824
10931
10167
10052
8800
8722
10214
10219
10250
7008
7036
7333
8038
8150
7655
5406
14939
14988
11626
11692
11659
7138
14961
15006
11716
11559
11711
7123
16599
16629
12023
8217
12066
16650
12045
8422
11964
16681
7671
7253
7736
7660
3541
7486
7425
7291
7179
7090
16864
7052
16869
7012
16914
16868
6908
16706
16560
2776
16379
16711
5905
16365
5788
16106
16070
16142
15878
15779
11404
5371
5180
5041
4953
4894
4770
4672
4545
