2257
2275
1585
1640
1099
1706
1785
1785
11004
11009
8705
11191
10618
10549
10567
11417
8562
11355
10984
10874
8588
10892
10896
8664
10841
11046
10624
11043
10343
10998
6259
3387
9974
4940
10894
6499
3398
6308
4928
4955
10668
4993
5927
5019
6037
11725
11659
8871
8958
11761
11854
11783
11756
11925
11834
11826
11858
11934
11788
9099
11839
11763
11988
11864
11887
12011
11872
11782
11862
11995
9307
8203
4674
10941
11072
7094
6927
11088
11349
7108
7068
7111
8609
8700
3503
4021
4235
3851
3923
15268
15334
7520
7575
7528
10817
15312
15374
7548
7526
7723
10894
16929
17085
7497
7594
7576
17078
7509
7654
7461
17147
12330
12155
13446
13480
8681
8680
13428
13465
13430
13099
18513
8165
18494
12961
18556
18463
12911
18985
18845
7936
18641
18958
12684
18601
12648
18260
18154
18282
17932
17771
4401
12258
12122
12072
11948
11851
11699
11598
11414
