2100
2196
1647
1714
939
963
971
963
1022
1036
8218
8256
8167
7993
7903
8118
8577
8250
8599
8619
8292
8609
8362
8526
8404
8497
8385
8665
8338
8670
8233
8737
6314
8662
5821
5857
4829
4823
4888
8894
6109
4929
6157
4883
4954
9889
10542
12029
11978
11839
10078
12359
9624
12361
12251
12601
10022
12537
12649
12774
12594
12706
12728
12928
12967
12772
13110
12902
12964
13093
13127
13323
13268
13259
13251
13243
13494
13612
13576
13628
7845
10086
10136
10054
10245
10091
10199
10024
10077
10029
9891
10596
10447
10496
12009
12118
10497
10587
9604
10713
9780
10600
10642
10690
11896
10776
12009
11409
12367
11550
13090
11990
13025
12393
13333
13949
17290
11883
14010
11618
11715
8115
11752
11895
8319
11663
11519
13776
14674
17463
15022
14853
11348
14015
17566
14893
15120
9942
10411
14134
10243
11817
10327
11326
10270
9918
6640
10749
12164
12209
11910
11783
11525
11263
11300
10407
19872
19784
16213
16168
16161
19910
19892
16364
16197
16134
20736
20808
16045
15940
20648
20599
20741
20446
15755
20387
20357
20548
20334
20354
19987
19988
16763
16915
19883
16723
16929
16771
19879
19590
19633
12098
19698
19501
19303
16505
16418
19178
16309
16156
