1513
1593
2072
2114
1695
1684
1649
787
1705
1730
11317
8881
8999
11562
11649
11708
11800
11763
11945
12010
11964
12125
11963
12035
12044
12111
11949
12322
12044
12245
12140
12342
12429
9798
5634
5650
2899
2898
2929
12508
5726
2950
5783
2940
2987
13696
13809
14001
13934
13865
13996
14379
14575
14367
14266
14929
14071
14963
11466
15142
14776
14999
15055
15312
14866
15098
15395
15266
14977
15002
15406
15024
15337
15126
15367
14879
15273
15142
11884
15328
15750
15065
15155
14761
15058
14550
14688
14141
14089
13983
13552
15757
6493
6519
10814
10915
6512
6603
10834
16045
10941
6602
6624
16099
16850
16457
17101
16770
13421
17152
17608
17260
13447
17400
17647
18214
15939
12179
18340
8248
11997
7793
12067
12197
11795
11813
11682
16061
10426
15977
10395
10397
10451
13970
16122
10466
10505
14932
14881
19108
14846
17949
15089
16662
15341
10560
15308
15868
17996
17956
17595
17251
16727
15764
16277
14412
19001
19075
12391
12347
12389
19210
19185
12377
12411
12392
20103
20168
20169
20048
20184
20574
15509
20515
20565
20416
20396
20515
20258
20344
20177
20174
13167
13125
19971
13123
13149
13243
15136
19564
19643
8591
19710
14719
19454
13362
13378
19229
13385
13296
