1143
1147
1221
352
945
955
938
964
6491
6516
6540
6642
6563
6530
6635
6922
6743
6845
6876
6881
6862
6870
4991
5016
6856
6959
6801
7007
4987
6958
3238
1736
6540
1776
6966
3378
1775
3315
3364
1780
6944
1803
4074
1829
4359
6026
5973
6018
6295
6324
6363
6267
6195
6410
6368
6355
6365
6450
4159
6418
6431
6483
4208
6412
6497
6529
6541
6550
6447
6555
7949
5313
3187
7015
7139
3198
3246
7334
7433
3218
2756
3256
6787
4170
3281
3546
3646
1375
3534
10105
10138
4020
4032
4025
4753
10136
10184
4056
4061
4039
8120
11057
11108
4192
1585
4222
11107
4207
4294
4140
11129
4728
8174
8222
8216
8179
8177
8155
8132
8105
7822
11155
7803
11131
7806
11191
11072
7760
10330
10192
4168
10136
10404
7701
10134
7646
9941
9903
9988
9714
9739
4076
7236
7052
7019
6926
6886
6762
6703
6558
