1889
1906
2016
666
678
667
680
688
6969
6993
7088
7086
7116
5403
7149
7328
7234
7354
7350
7314
5489
7327
7308
7424
7226
7441
7150
7458
6989
7319
2795
2686
5099
2716
7278
4267
2719
2771
4264
2732
7184
2725
4900
2761
4962
6065
6027
6059
6176
6188
6246
6163
4004
6280
6223
6233
6256
6291
6252
6261
6255
6307
6334
6250
6312
6361
6379
4177
6275
6375
8461
5408
3611
7543
7568
3793
3452
7605
7583
3834
3611
3831
6748
6832
2629
2857
2985
2857
2925
10017
10106
3997
4029
4000
8781
10092
7220
4022
4015
4031
8861
11279
11328
3930
4028
3986
11348
3909
4044
3831
11414
5673
9284
9749
9626
5159
9436
9400
9375
5021
9145
11802
9021
11785
8868
11778
11662
8742
11936
11839
8772
11712
11851
8726
11714
8626
11369
11298
11384
11123
10967
3540
7654
7415
7135
7049
6988
6881
6780
6562
