2402
2533
2833
2875
1661
2647
2661
2673
2683
2707
14223
11769
11817
12088
14411
14337
14667
14320
14916
15005
14425
12343
14481
14709
14348
14416
14467
14787
14426
14801
14533
14767
14861
14823
7198
9022
4399
4336
6119
14909
9146
6155
9212
6140
6178
16100
13146
15514
18722
18672
16683
19180
19325
19159
18954
16292
16745
19523
19486
19757
19530
19418
19783
19909
18887
19624
19790
16482
19446
19168
19867
19051
19643
19631
19830
18653
19586
19001
19326
19295
17886
17283
17376
17092
17363
16831
16931
15949
15902
15547
15097
18109
9306
9553
14053
14320
9558
9462
14083
17952
14351
9478
9706
18180
19190
18344
19352
18880
19485
18878
19500
19112
19550
19323
19638
20350
20437
11920
16187
15260
15547
14863
15510
15738
11272
11286
15064
20539
13854
20487
13838
13826
13899
16318
20614
13935
13974
16303
16053
21266
15831
20494
16050
18432
16467
15824
16510
17057
20269
20352
19366
19229
18281
12404
17172
15721
23880
23899
16016
15978
16004
23936
23908
11688
16147
16014
24622
24643
24629
24611
24763
24735
24774
24707
24719
24625
24580
24668
24409
24425
18651
23745
16537
16638
23442
16613
16645
16656
23465
23231
23289
16628
23324
18213
18071
16802
16761
22862
16705
16614
