824
881
879
908
790
817
1543
1550
1568
1580
6246
6258
6429
6515
6488
6665
6639
6696
6712
6759
6699
6915
6731
6929
6643
6580
6630
6974
6645
7007
6663
6940
6905
6835
3550
3559
2753
2751
2799
6942
3609
2794
3633
2784
2831
8069
8201
7742
7720
7679
8307
7816
7813
7808
7779
7897
8356
7931
7888
5045
7897
7987
7942
8057
7960
5061
8114
8034
8122
8001
8124
8096
8170
8169
8165
8069
8247
8195
8231
8184
9303
7018
7055
3869
7096
6998
7053
6709
6823
6784
6629
9148
5722
5752
6585
6633
5760
5802
4393
9244
6643
5805
5839
9643
10074
9745
10460
10174
10525
6333
10555
10135
10590
10178
10567
10445
9906
7694
10465
7346
7377
6904
7600
7608
7258
7359
7230
9960
7562
9933
7716
7547
7753
10330
9999
7593
7793
7202
3549
10230
6822
8501
7085
7941
7452
7173
7235
7365
8546
8684
8407
8487
8200
7839
7938
7038
11172
11168
8445
8414
8452
11180
11165
8432
4857
8409
11495
11500
11700
11495
11783
11748
11766
11742
11748
7291
11687
11702
11626
11665
7160
11488
8632
8688
11256
8711
8724
8725
11306
11084
11224
8726
11214
11060
10972
8742
8700
10870
8638
8534
