372
405
970
736
1212
6363
6368
6399
4169
6439
6282
6261
6294
6293
6312
6321
4279
6343
6376
6390
6034
6412
5531
5751
3898
5133
3914
5693
5865
3998
5120
5109
7015
7355
10527
10481
10509
10477
10538
10481
10567
10551
10584
10501
6759
10660
7992
10579
10631
10523
10577
10568
10600
10512
6184
8362
8372
10512
10734
6247
6250
4755
10577
8390
7546
7460
7373
7920
7924
7929
7811
5231
7829
7790
7790
7692
7529
6186
9476
6352
5070
5090
3390
12770
9581
12750
6638
9583
11517
11640
6610
9562
11239
8601
11298
11557
11383
11241
11087
10621
