573
1186
1240
1307
1313
7097
7090
7138
6976
7164
6972
6994
6974
7011
6987
6989
7062
7027
7045
7106
6562
7136
4386
4444
4360
4438
4371
4470
4656
4509
3288
4428
6756
7083
10616
8097
10643
10658
10609
7918
10598
10656
8060
10603
5933
10606
10643
10648
8034
10629
10636
10560
8007
6232
8410
8424
8469
8548
8757
8438
6218
7203
8628
8469
7157
6837
6536
5094
7645
7672
7466
6982
7377
7274
7188
7017
6206
2640
9674
2729
5844
5725
2364
11061
9732
11054
6830
9720
10281
10429
9703
9667
10141
7584
10247
10390
10278
10190
10041
9882
