1884
1997
2135
2140
2372
2409
2430
2353
2460
2455
9045
9108
9227
9392
9378
9528
9691
9742
9818
9951
9857
10044
9959
10131
10064
10077
10127
10327
10101
10395
10241
10470
10481
10453
6942
6975
5162
5153
5213
10583
7017
5201
7029
5221
5259
11169
11511
12145
12049
12012
11619
12321
12326
12311
12241
12502
11673
12492
12536
12583
12525
12615
12590
12714
12752
12682
12788
12694
12784
12853
12828
12824
12930
12826
12893
12699
12938
12958
12927
12994
13219
11739
11762
11643
11878
11690
11788
11526
11580
11476
11245
12937
8520
8591
10854
10950
8612
8657
10838
13039
10919
8646
8721
13115
13838
13493
14133
13911
14257
13843
14421
14093
14519
14284
14581
14683
14954
11690
14705
11386
11538
10897
11655
11679
11257
11432
11298
15233
11606
15107
11683
11671
11752
15025
15232
11638
11702
12243
12054
15160
11901
13927
12142
13477
12546
12198
12612
12946
14072
14263
13790
13833
13546
13215
13244
12348
16985
17005
12850
12770
12777
17105
17038
12827
12876
12855
17695
17810
17833
17765
17853
17960
17993
17912
17991
17986
17977
17933
18037
17948
17542
17437
13203
13222
17355
13146
13243
13182
17366
17248
17323
13171
17247
17154
16982
13281
13266
16868
13116
13050
