2120
2138
2246
890
899
904
906
910
7191
7219
7311
7307
7341
6534
7382
7557
7463
7582
7572
7548
6690
7553
7535
7658
7454
7674
7370
7694
7205
7555
3748
2909
6268
2939
7512
4485
2941
3703
4493
2956
7412
2953
5125
2984
5190
6295
6260
6293
6401
6419
6472
6392
5372
6509
6455
6458
6483
6518
6485
6494
6482
6535
6554
6475
6538
6580
6596
5570
6501
6596
8689
5629
3833
7761
7787
4024
3676
7827
7810
4056
3833
4053
6975
7060
2938
3154
3256
3116
3181
10239
10328
4215
4256
4226
9005
10314
8991
4244
4240
4252
9090
11501
11545
4152
4246
4208
11571
4147
4274
4065
11634
7971
9509
9974
9852
7710
9660
9632
9608
7542
9375
12018
9251
12000
9091
11993
11883
8989
12164
12070
9002
11938
12082
8949
11933
8855
11597
11527
11615
11346
11211
3794
7882
7646
7358
7276
7216
7105
7018
6792
