1732
1820
2300
2343
1923
1909
1881
1498
1931
1953
11533
10398
10523
11775
11862
11921
12020
11975
12157
12227
12183
12339
12175
12255
12258
12326
12282
12535
12253
12478
12349
12559
12649
11414
5850
5872
3126
3119
3157
12721
5943
3174
6003
3167
3207
13908
14024
14215
14149
14083
14213
14594
14793
14580
14485
15145
14285
15180
13427
15358
14990
15215
15270
15527
15089
15315
15609
15487
15191
15215
15620
15246
15552
15342
15585
15098
15497
15357
13852
15544
15963
15273
15360
14975
15265
14762
14897
14352
14301
14194
13787
15971
6712
6738
11030
11133
6734
6824
11050
16261
11161
6825
6850
16313
17066
16672
17315
16983
15837
17366
17826
17475
15944
17617
17868
18428
16158
12409
18552
10386
12224
9882
12293
12415
12020
12033
11905
16282
10644
16193
10615
10619
10670
16666
16338
10684
10724
15145
15089
19324
15051
18162
15305
16876
15555
13136
15525
16073
18205
18173
17800
17462
16936
15972
16483
14638
19217
19291
12608
12573
12614
19431
19403
12605
12630
12608
20319
20387
20383
20264
20407
20790
18425
20739
20787
20642
20612
20733
20528
20571
20424
20406
13387
13384
20206
13347
13368
13471
17968
19803
19865
11277
19939
17529
19683
13586
13601
19481
13606
13517
