2238
2276
2390
1395
1457
1454
1516
1481
5840
5885
5870
5989
5809
5771
5847
6137
5905
6104
6072
6043
6072
6090
6061
6185
6009
6192
5953
6207
5885
6111
4600
3707
5794
3761
6102
4766
3741
4664
4720
3776
6024
3796
3779
3842
3822
7224
7198
7193
7338
7361
7401
7324
7350
7486
7395
7420
7406
7507
7414
7445
7485
7502
7560
7510
7544
7588
7554
7621
7534
7641
7625
5925
5873
7649
7702
5914
5924
7761
7778
5910
5909
5983
6522
6584
5820
6014
6182
5976
6064
10646
10791
7900
7952
7937
8676
10716
10921
7978
7890
8015
8701
12611
12831
8915
8999
8919
12828
9012
9085
8811
13038
10251
10135
11136
11135
11334
11290
11278
11245
11150
11150
13973
11118
13793
10973
14069
13945
10910
14434
14445
10869
14548
14150
10703
13853
10551
14338
13925
13783
14187
13985
8916
10081
9776
9234
8956
8673
8273
7905
7421
