2374
2398
2204
1755
1553
1822
1899
1903
11120
11126
10032
11301
10733
10663
10687
11534
9879
11472
11097
10997
9931
11007
11010
10039
10948
11160
10729
11162
10447
11113
6370
4305
10087
5054
11007
6609
4336
6420
5922
5075
10778
5109
6040
5134
6153
11844
11781
10493
10583
11884
11975
11898
11872
12036
11948
11939
11973
12046
11905
10699
11954
11881
12102
11976
11998
12123
11984
11893
11976
12106
10999
8310
6067
11052
11184
7209
7042
11201
11464
7224
7183
7229
8720
8810
3689
4162
4348
3974
4105
15382
15449
7632
7691
7642
10928
15424
15485
7661
7641
7834
11008
17041
17195
7611
7701
7687
17192
7620
7771
7572
17261
12442
12270
13561
13599
11418
11402
13551
13583
13552
13219
18623
10885
18604
13079
18666
18575
13021
19102
18961
10606
18759
19076
12801
18722
12758
18385
18276
18398
18060
17905
6001
12372
12233
12180
12061
11961
11812
11707
11528
