1069
1374
1432
1480
1487
7266
7254
7302
7144
7339
7145
7164
7143
7179
7153
7162
7234
7201
7222
7279
6767
7306
4550
4609
4534
4614
4540
4638
4820
4677
4082
4603
6928
7252
10786
9627
10816
10828
10786
9511
10773
10832
9614
10772
6106
10780
10820
10820
9583
10802
10816
10742
9589
7649
8579
8597
8640
8729
8926
8613
7593
7366
8792
8652
7323
7012
6711
6599
7809
7837
7640
7157
7545
7441
7355
7188
6377
2816
9849
2914
6045
5951
2558
11225
9898
11216
8439
9888
10463
10598
9879
9842
10321
9262
10421
10575
10460
10379
10221
10074
