890
940
944
973
1257
1270
1599
1607
1624
1636
6301
6312
6484
6569
6543
6719
6693
6750
6766
6815
6757
6970
6785
6984
6696
6633
6686
7028
6697
7063
6718
6995
6960
6892
3605
3619
2810
2806
2854
6997
3665
2850
3688
2839
2887
8123
8255
7796
7775
7735
8362
7872
7867
7862
7834
7952
8411
7985
7942
6668
7952
8042
7996
8112
8029
6694
8168
8097
8176
8056
8178
8151
8229
8223
8220
8130
8307
8253
8286
8241
9358
7072
7117
5594
7150
7050
7108
6841
6877
6839
6682
9224
5778
5808
6640
6687
5815
5858
5622
9354
6701
5860
5894
9700
10134
9801
10515
10228
10580
8383
10615
10192
10644
10236
10627
10499
9965
7750
10519
7418
7454
7004
7655
7664
7320
7416
7290
10014
7617
9986
7771
7605
7808
10384
10052
7647
7847
7255
5416
10292
6972
8555
7143
8046
7507
7232
7295
7578
8599
8742
8460
8541
8252
7898
7991
7091
11225
11221
8500
8469
8510
11233
11218
8487
6902
8484
11548
11553
11753
11549
11842
11804
11822
11799
11809
9703
11742
11760
11693
11726
9545
11548
8684
8740
11313
8764
8777
8778
11362
11139
11277
8778
11274
11116
11031
8794
8751
10944
8690
8587
