674
702
1028
1032
1274
6420
6424
6455
5328
6495
6337
6320
6348
6350
6368
6378
5446
6398
6431
6445
6088
6467
5597
5810
4575
5190
4588
5748
5924
4679
5180
5167
7076
7415
10584
10541
10568
10533
10599
10538
10627
10607
10640
10557
6811
10716
9420
10638
10688
10582
10642
10628
10657
10571
7394
8421
8430
10567
10789
7447
7451
6357
10636
8451
7602
7513
7431
7977
7980
7985
7870
6524
7886
7846
7847
7750
7581
6299
9531
6404
5183
5184
4922
12827
9636
12806
8212
9639
11583
11698
8245
9615
11298
10248
11421
11609
11447
11310
11144
10855
