875
937
950
817
826
8201
7290
8337
8302
8380
8349
8331
8380
8395
8426
8439
7528
8479
8502
8545
8262
7623
5091
5764
3610
3091
3605
5763
5779
3091
3636
3098
9009
9154
9094
9054
7925
9019
9093
9069
9095
9080
9086
9041
8770
9225
9078
9089
9169
9094
9114
9083
7984
7638
4286
4474
4300
7634
7648
4467
4290
8606
7678
4494
9903
9742
8282
10128
10158
10160
10169
9857
10117
10087
9982
9907
9505
8014
4826
6664
3851
3821
7787
9249
4860
9281
4817
4862
8583
7525
4866
4837
8464
8745
8561
8699
8614
8561
8383
8314
