2316
2335
2481
1465
1515
1506
1550
1566
8837
8900
8912
9005
8885
8908
8997
8373
9111
9201
9210
9269
9276
9309
9329
9426
9378
9445
9353
9467
8323
9480
6387
5692
8946
5764
9435
6546
5786
5602
6563
5814
9363
5854
4450
5910
3756
10622
11766
11820
10724
10828
11988
11942
11899
12017
11966
10853
11989
12003
12011
12007
12012
12025
12018
12003
10891
12091
12080
12139
12033
12152
10386
5290
10161
10880
10987
10223
10109
10213
10182
10270
10276
10306
7063
7091
7473
8097
8206
7714
6892
14998
15046
11688
11749
11718
7193
15016
15062
11774
11617
11767
7185
16654
16683
12080
10405
12126
16707
12104
10647
12023
16738
7726
7310
7794
7722
5709
7546
7481
7352
7236
7152
16918
7108
16923
7069
16970
16924
6964
16770
16622
4846
16437
16768
5962
16455
5845
16168
16135
16203
15950
15853
11478
5437
5294
5094
5013
4948
4826
4738
4609
