1318
1334
1403
844
1122
1133
1120
1139
6659
6691
6707
6806
6731
6705
6809
7091
6910
7019
7042
7056
7036
7042
6166
6236
7039
7144
6974
7182
6130
7138
3404
1909
6856
1947
7136
3545
1948
3482
3536
1955
7121
1976
4246
2001
4535
6206
6150
6193
6466
6498
6533
6444
6374
6582
6540
6526
6546
6628
5539
6587
6601
6657
5590
6581
6664
6695
6707
6716
6617
6720
8120
5485
3358
7181
7306
3374
3418
7502
7603
3390
3184
3427
6955
5762
3487
3736
3830
2677
3728
10275
10308
4196
4210
4199
6687
10305
10348
4229
4234
4210
8294
11221
11272
4367
3172
4393
11277
4377
4467
4331
11295
6779
8350
8394
8393
8351
8350
8331
8309
8278
7996
11319
7977
11293
7978
11353
11238
7928
10501
10378
6232
10310
10577
7869
10318
7812
10121
10112
10176
9929
9947
4244
7399
7221
7181
7088
7047
6921
6863
6724
