2511
2643
2940
2988
2322
2762
2772
2785
2794
2818
14332
13193
13279
13526
14518
14443
14776
14426
15022
15114
14536
13841
14587
14819
14454
14521
14575
14893
14528
14922
14635
14876
14973
14937
8279
9133
5406
5358
6232
15016
9256
6266
9323
6250
6289
16206
14954
17388
18831
18781
16790
19289
19432
19265
19062
18166
16852
19635
19592
19867
19638
19526
19891
20017
19003
19735
19897
18368
19553
19275
19974
19163
19753
19738
19938
18760
19695
19115
19434
19405
17993
17386
17478
17195
17466
16934
17034
16050
16012
15652
15205
18215
9416
9675
14160
14428
9672
9572
14190
18058
14462
9588
9817
18288
19299
18451
19460
18986
19593
18985
19611
19220
19658
19431
19751
20458
20547
14095
18583
15378
15675
14980
15625
15856
13449
13509
15191
20647
13976
20595
13949
13940
14009
18978
20721
14043
14083
16406
16156
21376
15933
20600
16160
18541
16569
15927
16617
17163
20373
20461
19470
19334
18385
15025
17273
15823
23987
24008
16125
16086
16117
24043
24018
14107
16256
16122
24730
24751
24736
24719
24876
24846
24885
24817
24837
24739
24691
24780
24525
24546
21503
23864
16644
16743
23558
16720
16752
16761
23585
23356
23409
16733
23444
21010
20784
16905
16870
22985
16813
16722
