2274
2370
2154
2214
1113
1131
1135
1128
1190
1200
8379
8415
8327
8153
8063
8277
8742
8409
8758
8780
8458
8769
8521
8690
8564
8656
8546
8825
8498
8854
8390
8900
7814
8830
5984
6023
4996
4988
5052
9054
6273
5093
6321
5048
5123
10048
10702
12188
12146
12077
10241
12524
11281
12521
12423
12763
10187
12700
12808
12937
12755
12867
12890
13089
13137
12936
13271
13070
13126
13253
13287
13496
13432
13419
13418
13413
13660
13776
13747
13790
9712
10247
10301
10214
10404
10261
10362
10189
10238
10189
10057
10758
10612
10662
12172
12287
10661
10752
11063
10877
11220
10768
10808
10852
12059
10940
12169
11568
12527
11712
13254
12154
13185
12554
13499
14109
17456
12055
14169
11802
11912
9992
11927
12059
10241
11831
11739
15931
14837
17626
15188
15020
13501
14175
17727
15056
15284
10127
10588
14299
10443
11980
10500
11490
10453
10108
8947
10922
12329
12375
12080
11954
11697
11436
11466
10587
20034
19947
16376
16331
16330
20071
20054
16531
16362
16309
20897
20970
18792
18673
20818
20763
20906
20613
18489
20557
20518
20711
20499
20521
20160
20151
16922
17073
20039
16877
17084
16925
20041
19747
19795
14727
19865
19665
19479
16659
16574
19346
16464
16313
