55
62
69
122
104
92
66
97
118
54
79
86
70
71
66
104
105
93
79
84
85
60
90
63
63
73
84
82
106
115
97
86
119
69
86
116
97
82
138
96
124
95
283
76
309
84
95
129
92
97
106
118
89
65
118
97
79
89
122
101
87
89
74
77
82
97
102
88
83
90
129
254
105
140
125
114
111
141
135
141
125
103
322
292
251
285
220
276
249
196
174
193
189
158
297
221
188
168
208
131
319
186
183
220
216
213
219
193
207
234
236
245
267
261
229
256
274
243
211
264
200
213
182
211
266
259
205
255
214
225
202
225
240
245
186
228
238
246
227
188
159
270
256
222
271
280
330
292
334
354
