139
150
107
124
122
114
111
149
112
138
123
84
106
91
106
114
82
100
112
118
125
129
102
113
109
112
109
98
140
126
114
129
129
141
137
133
110
114
109
90
148
126
123
105
109
141
131
115
132
114
139
162
132
149
128
126
185
135
105
182
117
140
133
135
148
117
148
137
127
123
122
144
135
168
133
144
140
110
124
172
120
147
167
169
150
156
138
162
132
143
163
186
151
145
112
120
112
120
124
159
141
115
114
173
196
146
174
163
133
155
160
170
112
141
183
134
183
280
158
242
233
270
221
232
243
234
241
189
177
191
209
158
154
200
192
183
144
240
193
195
210
228
227
206
198
275
208
206
219
195
253
231
172
182
207
269
198
183
152
186
190
162
194
218
184
175
199
176
195
235
266
166
157
213
183
187
176
224
158
204
190
248
185
205
184
201
199
258
236
197
183
220
229
208
232
188
169
190
210
217
