0.133397158669
0.133386357824
1.205627543771
0.668062258164
1.602164784497
0.276197515426
1.202327334816
0.133397984846
0.133398184013
0.133391747313
0.266830444975
0.133390305372
0.133393097164
0.133398523357
0.266831946262
0.401477259053
0.266833539387
0.133386029102
0.133396239287
1.602235481917
0.13338748225
0.266831963022
0.268424955756
0.133388503372
0.133390392167
0.133393851573
1.335492691113
0.133386472812
1.073750315794
0.133388524181
0.266833778971
1.467861640768
0.133394904916
0.133397435773
0.402896423859
0.133386534566
0.13338787659
0.133391782977
0.55165321263
0.133397001177
1.602158417409
0.133398634548
1.335179092416
0.13338847491
0.266832335024
1.200934178445
1.602310976967
0.133398043814
0.133387631438
0.133388196188
0.133389245684
0.266871558235
1.08972237628
1.334421921652
0.267594113817
0.133388867912
0.26734658058
0.133386015221
0.1333875557
0.133388056329
0.26683277299
0.133390207729
0.271315576842
1.469398537485
0.133393294225
0.133386214441
0.266829228695
0.133395437831
0.26919793665
0.133391292687
0.267232569915
0.133391368142
0.269239902326
0.133387842209
0.133394179332
0.280073826408
