0.133397172986
0.133388843781
0.401037109909
0.133389778087
0.133398153794
0.13338646745
0.133386660176
0.133387263855
0.30535282495
0.266940588839
0.268063902077
0.133394101795
0.266832009878
1.201663398122
0.801587941099
0.133389200526
0.133390700629
1.067489420147
0.133391539261
0.280616022181
0.133386973615
0.268089350886
0.133386243699
0.133393350919
0.269624515594
0.133390487861
1.334376979658
0.801885676215
0.533720241242
0.133394785074
0.13339707799
1.605367815474
0.133386354843
1.337552298909
0.133398452523
0.133387404212
0.1333897953
0.133395274233
1.47166584055
0.133391019024
0.935437132189
1.068880294293
0.133391847878
1.601457513403
1.469329969365
0.133396600679
1.469567271753
0.133388039903
0.13339519602
0.282150698781
0.133398487277
0.8039209787
0.267371612168
0.133394419365
0.291318264375
0.267248546744
0.133388052396
0.133394451906
0.268117398437
0.133385293906
0.133385854111
0.133391583247
0.266830653351
0.266834912882
1.601279728412
1.601397626865
0.133397160064
1.068511603024
0.133386027747
1.203350010546
0.133391644278
1.334376053698
1.468013050577
0.268329450402
0.266831888522
1.467821523555
0.266991790045
0.268267276452
0.565351260149
0.133394175249
0.266830932354
0.268842790705
0.13339071234
0.801903777482
0.133393456798
0.133393169603
0.400274896771
1.335146773433
0.267599452742
0.133385939424
1.603382315086
1.200950246674
0.133394534585
0.13339861453
0.133396658235
0.133397414551
0.133398650832
0.266831534635
1.467820048844
1.068223058209
0.133386406623
0.266830441917
1.334375493136
0.266834206182
1.334379318865
0.400595707108
0.13339179809
0.133387708009
0.133391321217
0.133393317711
0.801745228909
0.267702120584
0.2675352635
1.334378874504
0.133392324605
0.268871064443
0.133392177512
0.133386266589
0.133387818095
0.133391128929
0.133391506857
0.133398463398
0.133389910664
0.133390795614
0.133395706645
0.133398172519
0.133390952708
0.302228946584
0.133388569417
0.272880135902
