38
38
40
42
44
48
45
79
80
71
77
69
72
84
76
78
63
76
75
62
73
64
54
58
80
82
82
80
41
81
47
41
52
72
84
84
69
68
85
80
81
73
87
83
78
82
71
73
73
64
71
62
62
72
66
80
69
75
118
111
113
80
92
89
84
79
91
96
88
108
100
111
103
84
97
105
110
110
111
113
108
122
110
106
125
106
108
110
104
112
114
100
124
104
103
110
115
121
110
97
101
112
105
109
116
107
140
112
102
94
98
108
103
135
117
123
117
103
127
118
114
101
106
116
110
125
80
102
131
112
87
100
125
94
102
133
84
108
89
88
118
124
93
94
126
135
96
81
114
122
79
115
117
129
102
93
127
130
117
91
97
131
100
89
97
129
84
121
98
123
76
124
115
101
119
114
94
110
128
113
100
106
118
114
117
116
97
112
112
112
101
88
103
104
100
87
70
85
43
44
