1308
1331
758
573
559
593
580
616
3868
3938
3959
4032
3788
4053
3816
3820
4073
3844
3914
3831
3924
2337
3748
3859
3803
3652
2502
2639
1833
1861
3506
1870
2586
1901
1880
3717
2572
1934
1921
3978
3881
1947
4654
4685
4821
4722
4859
4849
4850
4882
4855
4898
4944
4910
4925
2921
4906
4972
4997
4914
4939
5008
5015
4958
4955
5043
5032
4828
4904
5061
3669
3825
4999
3825
5004
3836
3841
3869
3880
3843
5059
5143
4012
4055
4469
1276
3291
3346
3127
3265
5042
7084
7059
5046
5050
5787
5043
7388
5000
5071
5836
5370
8851
8364
5371
3493
8877
6591
8947
5370
5274
5495
6586
7268
7295
7773
7814
7835
7869
3954
7821
9624
7652
9622
7642
9558
9540
7606
10314
10298
7593
10284
5913
7515
10262
6924
3077
10134
9995
9963
9915
9814
5261
6241
6220
6127
5034
4286
4197
4074
