848
860
880
268
926
1027
890
917
961
915
999
1117
1953
1984
1967
1993
1880
2019
1837
1952
1904
1943
1917
1948
1885
1956
1907
1989
1932
1878
1994
1877
1984
1882
2003
1897
2539
2556
2881
2896
1885
1220
2574
2902
3066
2581
2572
2507
2557
3695
3227
3165
3239
3608
3312
3351
3823
3372
2509
3713
3747
3703
3826
3789
3790
3778
3862
3896
3969
3879
4002
3980
4002
4037
4033
4078
4041
4096
4043
4102
4103
4061
3948
4074
4061
4052
3898
4000
3978
3972
3794
1698
4650
4594
3774
2740
3763
4703
3808
2752
4650
3811
2725
2663
3002
2686
3070
2902
3269
3074
3392
3047
3503
3104
1346
5953
4559
4563
4545
4447
4526
4459
4462
1773
4065
1690
5968
5978
5023
5018
4982
4148
5991
5050
4999
5024
3801
4120
3748
3971
3913
3779
4223
4458
4397
4232
3953
3662
4002
4291
4206
4044
4289
4184
6811
6806
5480
6812
5474
5444
6798
3906
5471
5444
3270
5466
6899
6886
6912
6898
6905
6855
6881
6909
3338
6846
6855
6836
6785
6775
5527
6181
6191
5223
5693
5474
5472
5483
5915
5582
5629
4617
5581
5350
5473
5283
5263
5105
5214
5112
