1986
2034
2393
2762
2608
2959
1419
1419
1414
1434
1441
2372
16724
19524
19549
17053
20039
19935
17275
17408
17477
17512
17656
20394
20518
20283
17652
20359
20608
20373
17673
20183
20495
19780
17629
20531
3394
3454
7748
7879
20245
3532
3562
7923
8271
3595
3592
20134
17025
7688
22065
21885
22033
22218
22107
22350
22667
22310
20425
18969
22388
22409
19026
22660
22495
22475
21778
22969
22874
22791
22563
23185
23050
22968
22797
18844
23231
22619
23372
22957
23233
23215
17092
17438
17147
16538
15256
16650
16001
14547
14612
5362
15110
15049
7796
20586
7743
15167
7880
20689
15089
7846
20725
20976
21239
21112
21466
21236
21935
21548
21976
21422
21950
21121
22155
18839
5910
9098
9432
8273
9046
8570
8555
8463
21950
7868
18885
18942
10455
10455
10416
21888
18906
10497
10448
10479
13528
21842
12061
14349
13613
11646
21163
18653
18345
16503
13838
11771
15099
17958
17069
15731
18431
18064
20298
20277
11695
20344
11706
11661
20316
17130
11734
11812
12451
11841
20967
20987
21002
21129
16181
20927
20954
16225
21101
20877
20916
20858
20791
20844
12488
20480
15516
12380
20121
12396
12368
12383
20172
19305
19843
12332
19836
18996
19232
12492
12503
18826
12419
12412
