1420
2264
2442
856
868
908
883
935
8007
8123
8109
6243
8019
8365
6074
8206
6179
8219
8164
8220
8280
6157
8217
8287
8208
7919
5528
6147
3261
3268
8013
3291
5953
3314
3299
8077
4416
3295
1972
8401
8293
5293
8789
8768
8843
8868
8937
8859
8965
6411
8922
9040
8911
8982
9060
9006
8952
8895
9113
8970
9025
9129
9066
9004
8996
9131
9122
6280
9128
9224
6351
6848
9257
4928
9263
4788
4973
2740
4977
4949
9281
9295
6788
4611
10832
2858
3085
3281
3044
3123
5651
10827
10824
5654
2903
8052
5668
10839
5630
5680
8077
5855
11089
11180
5783
5903
11128
8643
11204
5885
5883
5833
8636
8895
8879
9110
8983
9017
9032
9079
9017
11640
8912
11268
8830
11039
11479
8852
11385
11377
8686
11373
10589
8618
11338
8371
8396
11080
11177
11080
11079
6908
5793
7949
7930
7832
3765
7283
7127
6932
