1036
1062
1190
1557
589
1704
692
703
744
685
773
1050
9258
9361
9332
9689
7176
9547
9783
7349
7350
9895
7384
9871
9907
9862
9929
9631
9987
9589
10007
9172
9978
9541
9717
9719
3034
3062
4601
4674
9691
3124
3151
4699
4946
3159
3166
10323
10538
6503
11570
11507
11550
11564
11567
11634
11881
11611
10772
11721
11674
11679
11825
11862
11779
11750
11431
12098
12047
11956
11754
12301
12211
8920
12084
12047
12319
11848
12364
12298
12272
12357
9419
9528
9447
9390
8779
9292
9005
8446
8444
4186
9989
9748
6616
11193
6573
10058
6651
7860
9829
6643
11289
11564
11947
11880
12435
11940
12464
12062
12531
11909
12513
11814
12409
13342
7389
7177
7306
6667
7116
6819
6800
6800
12444
6109
13384
13432
8952
8946
8903
12483
13437
9011
8971
8982
8544
12330
7487
8796
8276
7431
12601
11379
11290
10486
8759
7658
9870
11254
6500
10188
11180
10989
15533
15523
10630
15543
10625
10623
15520
10722
6360
10625
7661
6438
16089
16087
16124
16202
16218
16215
16080
16216
16201
16191
16216
11107
16102
11053
11028
15488
15580
10909
15225
10909
10892
10910
15187
14880
15163
10841
15146
14693
14869
10924
10896
14519
10819
10767
2093
597
2103
1782
606
416
1804
2133
2133
1794
1788
2199
3359
1281
2116
2129
1674
658
3369
777
1679
1219
685
3358
782
1662
1187
888
688
617
3380
1655
2262
3416
3417
3425
2153
1185
3283
3429
1656
3428
3365
2160
1190
3448
1190
3277
1193
2348
1657
2158
1181
3284
1657
2197
1181
3295
2366
1648
3243
2351
1656
3278
2496
1649
2308
3246
1658
3279
1650
3269
1653
2397
3278
1190
2402
2479
2628
1657
1653
2408
2543
1195
1196
3284
3267
3262
1603
3276
2771
1196
2630
1199
1191
3238
1632
712
3253
1600
1628
1193
3203
1176
1627
3211
3217
2799
3168
3247
1608
2735
717
1186
1577
3252
1598
2817
749
3116
980
1199
1204
2772
3124
1511
971
3107
2816
2839
2006
1215
1216
3093
3254
2842
1247
3077
3198
3205
2875
3029
3142
2750
1031
2879
2865
2998
1014
2957
742
682
1199
3089
3083
567
2922
3022
516
1153
2895
728
348
1133
1123
1137
767
278
3003
2974
309
226
2023
684
715
1100
2797
2630
679
2523
633
2497
2511
2525
625
1054
2382
1019
2241
469
0
928
2083
2109
866
1853
1758
1575
1496
1331
