2028
2040
1378
1172
1196
1243
1225
1261
7921
5960
8058
8145
7774
6133
7855
7841
8193
7870
7939
7887
7991
7924
7890
7953
7928
7773
5053
5281
3102
3149
7836
3176
5191
3185
3177
5744
5150
1826
3222
8143
8055
3276
9353
9360
9467
6928
9544
9512
9542
9564
6978
6951
9538
9600
9613
9598
9593
9562
9693
9570
9621
9724
9620
9594
9645
9725
9722
8842
9017
8824
5381
5754
8489
6106
6228
6116
6128
6164
6169
6126
8558
8585
5508
5472
11167
5112
3137
5789
5604
5334
7531
11317
11285
7667
7696
6189
7704
11345
7665
7165
6215
8119
12371
12423
4581
8003
12388
6801
12467
8111
8117
8070
6819
6908
3618
6908
6912
6899
6830
6834
6832
12681
6792
12635
6826
12565
12563
6475
11931
11794
6350
11719
11878
6137
11747
5930
5922
11537
11448
11250
7505
11153
7977
5483
5443
5347
4924
4796
4694
4469
