2022
1250
2047
1384
1397
1449
856
1475
5645
5777
5678
5871
5588
5878
5701
5752
5801
5745
5723
5800
5845
5818
5727
3902
5804
5731
5589
5957
4283
4297
5783
4317
4425
4327
2914
5745
5888
4576
2912
5975
3908
2765
6321
6310
4176
6340
6307
6336
6340
6372
4159
6329
6296
6350
6327
6352
6350
6327
6344
6316
6345
6349
6342
6290
6306
6367
6347
5873
6016
6123
3531
3573
5800
5782
8124
5590
5792
5771
3538
5782
8126
8113
3582
5699
8655
2513
2643
2799
2653
2625
5452
8463
8477
5520
5680
5469
5503
8761
5747
5676
5458
5319
8943
8810
5262
5444
8993
5545
9149
5396
5359
5305
5530
5325
5313
5316
5280
5214
5003
4908
4725
9049
4688
9008
4675
8901
8839
4617
7897
7837
4356
7674
7859
4233
7800
4104
1942
7399
7433
7397
7323
7227
4936
3693
3664
3593
3388
3256
3178
3039
