1668
1709
1998
2140
2178
2322
1005
988
998
1024
1027
1622
11152
11249
11222
11435
11622
11477
11690
11741
11708
11779
11977
11865
12005
11930
11977
12099
9433
12142
12143
12132
12201
12129
12292
9651
2195
2216
4953
5009
12372
2275
2289
5050
5165
2299
2318
13462
10419
5240
12948
12732
12815
13075
12900
13175
13352
13128
13892
13334
13305
13290
13361
10206
13493
13427
13117
13676
13561
13621
13387
13644
13599
13571
13619
13373
13511
13459
13641
10318
13807
13682
12779
13003
12981
12796
12011
12682
12485
12019
11723
5356
10124
10033
5351
15209
5295
10197
5398
15259
10118
5359
15189
15226
11608
15259
15859
15475
11858
15782
16097
15857
16151
15821
16731
10378
7867
4415
7784
7224
7561
7141
7290
7105
16824
6363
13881
13892
7870
7858
7810
12487
13930
7907
7845
7887
12584
17003
11816
12950
12616
11864
16813
14568
14366
13611
12399
11432
12943
14143
13608
13090
14030
13763
14951
14935
8396
10831
8569
8394
14967
13008
8594
8386
10968
8593
15043
15068
15252
15104
15251
15071
15017
15233
15061
15308
15051
15022
15033
15099
8483
14927
14897
8349
14634
8381
8349
8365
14676
14316
14452
8227
14452
14140
10306
8313
8215
14065
8195
8130
