1270
1298
1430
1786
1202
1937
919
929
970
919
1000
1278
9475
9581
9548
9902
8729
9764
9998
8879
8895
10110
8926
10105
10126
10078
10151
9846
10205
9803
10224
9601
10198
9751
9943
9934
3262
3295
4828
4901
9907
3353
3379
4920
5173
3392
3395
10537
10755
6731
11794
11728
11780
11786
11786
11859
12100
11831
10991
11948
11904
11903
12051
12078
11998
11972
11646
12315
12265
12176
11983
12525
12430
10840
12301
12268
12535
12066
12584
12518
12490
12577
9626
9738
9657
9597
8995
9496
9296
8654
8649
5711
10209
9968
6842
11409
6799
10277
6881
9881
10050
6872
11511
11780
12165
12101
12651
12160
12689
12277
12751
12133
12731
12032
12624
13562
7605
7396
7526
6899
7335
7047
7036
7025
12663
6467
13602
13652
9181
9175
9136
12703
13657
9243
9195
9209
8761
12546
7707
9002
8488
7644
12816
11598
11506
10695
8966
7873
10076
11464
9098
10403
11402
11208
15753
15745
10857
15768
10855
10843
15745
10935
8868
10855
7867
8901
16310
16306
16341
16423
16436
16435
16299
16436
16418
16413
16436
14013
16338
13989
11251
15731
15818
11128
15461
11133
11119
11132
15412
15111
15394
11059
15374
14919
15090
11134
11110
14758
11026
10976
2314
831
2333
2009
833
907
2025
2355
2357
2021
2015
2421
3577
1514
2335
2349
1895
884
3586
1013
1899
1448
912
3578
1016
1881
1416
1128
916
843
3598
1875
2481
3632
3633
3642
2378
1414
3498
3646
1876
3648
3590
2384
1418
3661
1418
3496
1422
3042
1877
2388
1414
3503
1875
2424
1414
3509
3053
1868
3462
2577
1878
3498
3172
1874
2524
3468
1878
3495
1875
3484
1874
2617
3494
1420
3081
2698
2846
1876
1870
3087
2760
1423
1422
3499
3485
3477
1824
3493
2988
1423
2849
1425
1420
3460
1850
1198
3473
1820
1847
1425
3418
1409
1847
3427
3443
3017
3392
3481
1825
2959
1207
1415
1799
3468
1818
3037
1223
3337
1509
1423
1434
2988
3342
1747
1492
3327
3045
3057
2669
1445
1443
3315
3469
3062
1470
3296
3413
3419
3095
3248
3358
3179
1274
3094
3086
3214
1252
3170
958
902
1419
3299
3293
786
3132
3232
735
1372
3104
964
576
1357
1350
1359
992
514
3210
3181
534
458
2646
915
946
1318
3001
2836
907
2814
859
2714
2727
2733
846
1264
2597
1233
2448
708
71
1135
2289
2314
1075
2073
1970
1790
1702
1544
