2080
1725
2108
1442
1455
1507
1212
1533
5703
5833
5733
5930
5646
5933
5756
5807
5857
5800
5779
5855
5900
5875
5785
4970
5859
5796
5644
6010
4339
4353
5838
4378
5262
4385
3720
5800
5943
4634
3742
6029
5045
3839
6376
6366
5404
6396
6362
6409
6395
6428
5349
6383
6350
6411
6385
6406
6405
6381
6398
6371
6399
6403
6396
6344
6366
6421
6405
5936
6084
6179
3589
3631
7091
5837
8178
5645
5847
5827
4790
5837
8179
8166
4790
5753
8709
2588
2737
2862
2741
2678
5509
8517
8530
5576
5735
5523
5566
8815
5836
5732
5517
5373
8999
8863
5320
5495
9045
5599
9202
5447
5410
5358
5591
5383
5369
5371
5336
5269
5059
4966
4781
9101
4745
9061
4730
8956
8904
4673
7960
7898
4411
7733
7920
4310
7865
4162
3150
7551
7499
7462
7386
7295
4993
3750
3718
3655
3444
3321
3244
3095
