2219
2223
1959
1354
1365
1409
1390
1427
8091
7232
8225
8318
7944
7385
8022
8013
8361
8039
8107
8062
8166
8103
8054
8122
8097
7933
5218
5445
3278
3318
8003
3351
5357
3356
3347
7037
5317
2746
3395
8311
8228
3450
9526
9532
9640
8466
9714
9683
9722
9736
8524
8539
9707
9774
9787
9773
9770
9734
9860
9753
9800
9892
9785
9761
9816
9891
9893
9014
9190
9168
5546
5926
8651
6271
7593
6287
6295
6332
6337
6297
8717
8744
5675
5639
11327
5339
4648
5969
5794
5533
7697
11479
11444
7837
7863
6361
7873
11507
7834
7632
6388
8284
12535
12584
6601
8240
12554
6968
12630
8284
8286
8256
6993
7084
5551
7080
7085
7075
7007
7007
7007
12849
6968
12800
7008
12740
12737
6687
12108
11968
6520
11886
12052
6310
11921
6112
6103
11724
11630
11502
9714
11364
8153
5656
5611
5516
5104
4968
4872
4654
