2082
2150
2239
2332
2406
2429
2600
2618
2638
2641
2668
3343
9273
9492
9368
9661
9700
9706
9761
9726
9952
10028
9991
10060
10127
10180
10236
10227
10316
10233
10363
10256
10421
10274
10446
10461
5235
5263
7244
7265
10394
5333
5362
7350
7410
5396
5392
11168
11536
8749
12074
11939
12066
12217
12123
12232
12520
12252
11789
12459
12433
12479
12532
12619
12563
12557
12687
12747
12803
12733
12886
12909
12869
12953
12868
13029
12989
13080
13003
13080
13051
13112
11672
11838
11840
11746
11455
11793
11706
11519
11375
8792
11375
11293
8831
13089
8763
11487
8922
13281
11361
8861
13428
13497
14009
13675
14377
13836
14435
14175
14613
14193
14699
14094
14890
15161
12088
12003
12067
11468
11859
11500
11617
11488
15007
11095
15302
15397
11689
11747
11671
15436
15319
11751
11629
11747
12613
15411
12093
12919
12663
12250
15481
14324
14139
13705
12955
12235
13311
14012
13864
13556
14155
13941
17275
17203
12773
17279
12809
12730
17226
13292
12891
12864
11897
12890
17896
17916
17984
17998
18023
18009
17913
17960
17944
18036
17929
17920
17896
18021
13404
17527
17450
13233
17355
13280
13146
13228
17352
17142
17293
13073
17369
16939
17006
13180
13112
16725
12948
12948
