873
1159
1347
897
1245
4138
4327
4975
4999
5032
4000
5078
4037
4875
4893
4901
4913
4927
4937
4896
4912
4925
4495
4919
4539
3949
4001
3412
3978
4552
4080
4079
5199
5449
4687
5256
8482
8473
7398
8471
8478
8454
8470
8435
8456
8500
8421
8465
8504
8446
8516
8514
8459
8360
6221
6290
8757
7687
7263
5221
7324
7286
7263
8777
5159
8783
5104
5621
5615
4552
5504
5179
5475
5510
5489
5385
5097
10085
3667
3618
3518
3469
8119
9004
9025
7956
7942
6820
6877
3692
10165
7871
8903
8879
8817
8840
8749
8709
7477
8501
