968
978
994
751
1043
1144
1007
1032
1076
1033
1114
1233
2063
2094
2077
2106
1989
2130
1945
2060
2012
2051
2025
2056
1993
2065
2022
2096
2045
1988
2102
1988
2103
1988
2113
2009
2657
2673
2994
3008
1993
2053
2690
3017
3183
2700
2692
2615
2667
3810
3338
3278
3351
3720
3426
3463
3937
3483
2623
3828
3858
3815
3945
3903
3902
3891
3982
4009
4082
3990
4122
4097
4114
4158
4146
4204
4152
4209
4157
4218
4215
4176
4055
4181
4173
4160
4010
4114
4091
4081
3922
2920
4763
4707
3892
2850
3879
4816
3923
2863
4765
3927
2841
2775
3113
2797
3180
3016
3388
3185
3507
3166
3616
3223
2902
6065
4686
4680
4668
4594
4646
4588
4592
3330
4178
3207
6080
6090
5137
5133
5098
4259
6103
5167
5127
5141
3941
4232
3871
4104
4054
3931
4334
4570
4525
4358
4078
3802
4130
4411
4334
4164
4404
4295
6924
6920
5594
6925
5588
5553
6911
4028
5585
5559
3427
5583
7011
7000
7024
7009
7016
6968
6995
7023
5336
6963
6970
6952
6898
6894
5643
6315
6318
5460
5811
5584
5580
5595
6047
5697
5750
5144
5707
5496
5599
5390
5373
5325
5318
5220
