1989
2383
2558
968
980
1018
992
1044
8122
8237
8223
7471
8128
8479
7295
8317
7415
8328
8277
8331
8389
7402
8325
8400
8314
8025
5638
6255
3373
3378
8116
3407
6062
3426
3410
8183
5345
4399
2810
8511
8404
5408
8904
8879
8956
8979
9053
8970
9076
7872
9034
9150
9024
9095
9178
9115
9066
9010
9225
9081
9135
9246
9181
9113
9106
9241
9241
7833
9239
9334
6466
6957
9364
5037
9369
4900
5082
4037
5086
5068
9386
9400
6906
5850
10938
3053
3255
3403
3194
3246
5762
10933
10929
5769
4490
8167
5782
10946
5746
5791
8192
5962
11196
11286
5900
6014
11234
8758
11311
5998
5992
5940
8753
9011
8992
9221
9096
9132
9147
9193
9132
11753
9024
11374
8940
11157
11592
8961
11529
11509
8794
11492
10701
8728
11458
8513
8503
11286
11303
11241
11197
9201
5909
8063
8044
7948
5823
7392
7255
7047
