1838
1876
2165
2308
2342
2491
1178
1161
1167
1194
1196
1793
11313
11416
11384
11596
11785
11640
11851
11902
11869
11940
12139
12025
12171
12092
12146
12262
11010
12304
12305
12292
12370
12289
12463
11257
2366
2386
5123
5175
12533
2444
2459
5216
5338
2469
2490
13623
12262
5409
13112
12898
12984
13241
13063
13344
13519
13292
14057
13504
13472
13453
13531
12120
13654
13593
13281
13840
13726
13785
13560
13816
13762
13740
13783
13546
13726
13625
13809
12234
13971
13845
12932
13158
13134
12948
12167
12836
12642
12177
11891
5531
10291
10198
5521
15371
5465
10361
5567
15420
10285
5532
15358
15389
13899
15476
16020
15637
14216
15945
16265
16028
16313
15986
16892
12395
8032
6357
7947
7395
7726
7303
7472
7277
16989
6724
14045
14060
8042
8029
7989
14992
14095
8074
8012
8057
12746
17165
11975
13111
12790
12026
16979
14733
14573
13764
12559
11598
13104
14296
13761
13249
14198
13926
15115
15101
8563
13192
8738
8557
15133
13164
8765
8560
11128
8760
15208
15232
15414
15267
15416
15235
15181
15397
15224
15480
15215
15195
15211
15273
8648
15111
15079
8513
14811
8542
8512
8532
14848
14490
14625
8394
14622
14311
12611
8475
8381
14249
8367
8308
