1552
1570
1313
796
790
822
804
843
4096
4170
4187
4264
4012
4280
4040
4044
4296
4070
4138
4058
4148
3388
3984
4095
4030
3888
2720
2855
2061
2083
3855
2101
2802
2127
2107
3950
2792
2166
2144
4220
4127
2180
4898
4917
5060
4957
5087
5081
5086
5111
5094
5129
5171
5138
5168
4210
5140
5208
5220
5143
5172
5242
5244
5186
5193
5265
5268
5070
5149
5292
3896
4053
5215
4046
5219
4061
4069
4096
4101
4070
5270
5357
4234
4282
6178
2554
3554
3617
3442
3546
5264
7299
7270
5270
5271
6010
5268
7604
5229
5292
6062
5592
9068
8578
5589
4665
9092
6813
9165
5598
5497
5712
6813
7506
7525
8003
8046
8075
8096
6264
8048
9843
7877
9836
7871
9788
9766
7829
10540
10527
7813
10507
8428
7751
10479
7196
5339
10364
10227
10195
10146
10051
5551
6466
6441
6349
5256
4505
4435
4310
