2353
2319
2386
1527
1515
1571
1534
1600
6069
6151
6195
6341
6075
6329
6153
6127
6382
6118
6281
6134
6261
6258
6060
6211
6184
6096
4630
4837
3721
3751
6186
3757
4831
3797
3798
6215
4789
4020
3771
6484
6448
3994
7148
7126
7213
7197
7241
7259
7246
7304
7322
7313
7406
7328
7380
7357
7341
7539
7467
7356
7404
7570
7548
7504
7462
7691
7685
7814
7965
8099
5880
6192
7631
5837
7638
5842
5897
5903
5942
5878
7795
7792
6618
6613
10441
5995
6179
6382
6180
6244
7490
10587
10511
7513
7558
8728
7525
10694
7632
7566
8813
8690
12731
12646
8629
8709
12879
10302
12831
8676
8625
8715
10243
11344
11320
11593
11545
11516
11471
11462
11324
13985
11286
13740
11248
13907
14152
11177
14359
14503
11147
14604
14039
10976
14131
10873
10742
14203
14427
14248
14314
14179
8844
10138
9796
9560
8938
8606
8194
7707
