2041
2092
2449
2819
2664
3014
1479
1477
1472
1493
1502
2441
18186
19580
19606
18579
20097
19990
18836
18932
19045
19085
19213
20446
20573
20339
19253
20412
20664
20427
19292
20234
20553
19832
19218
20585
3452
3512
7804
7937
20296
3591
3621
7979
8327
3653
3654
20191
18783
7746
22118
21942
22087
22272
22160
22405
22725
22363
20484
20890
22443
22464
20962
22715
22550
22532
21834
23025
22929
22846
22628
23239
23105
23028
22853
20748
23286
22675
23429
23013
23288
23272
17143
17491
17198
16588
15308
16701
16051
14602
14667
6733
15167
15106
7857
20641
7801
15223
7938
20744
15146
7905
20781
21031
21295
21167
21521
21291
21998
21603
22037
21478
22005
21176
22211
18895
7875
9154
9488
8339
9105
8632
8614
8523
22008
7940
18941
18998
10514
10513
10473
21945
18962
10556
10506
10537
13581
21897
12114
14399
13668
11698
21218
18709
18395
16557
13889
11825
15154
18011
17123
15783
18486
18115
20354
20334
11751
20400
11763
11719
20372
17181
11792
11871
12504
11898
21023
21043
21058
21185
18882
20991
21013
18896
21160
20938
20974
20928
20847
20902
12543
20536
18188
12433
20185
12449
12421
12435
20230
19358
19898
12385
19898
19053
19290
12547
12556
18893
12476
12470
