59
91
51
103
115
86
120
95
87
85
65
79
95
121
52
98
96
93
75
93
105
65
134
88
84
89
141
112
92
79
102
74
108
76
74
132
106
247
84
108
92
336
95
111
104
79
68
80
121
80
85
109
124
79
100
106
105
83
117
122
100
120
113
79
112
77
125
118
147
101
212
184
144
130
132
125
112
132
109
137
102
124
297
316
164
206
296
216
254
226
159
183
154
169
163
340
181
185
101
159
325
213
226
197
226
185
232
293
203
251
212
220
336
250
263
273
253
194
207
191
256
268
262
262
284
253
197
264
218
194
237
176
241
258
208
208
244
205
206
230
252
232
306
236
323
243
374
294
346
351
