107
97
112
87
106
140
156
148
211
149
207
211
102
96
99
114
105
111
81
125
85
97
119
89
105
108
92
108
90
110
100
121
116
99
123
115
115
109
121
122
120
102
96
95
98
108
124
121
119
128
116
120
106
122
118
135
133
146
134
157
124
96
133
115
120
148
170
139
137
145
161
113
133
170
163
143
128
95
151
146
132
130
128
161
181
167
184
157
161
159
171
152
142
121
130
218
156
113
104
203
132
153
184
166
211
180
141
143
198
188
182
163
139
197
190
164
274
238
238
224
235
309
270
258
213
252
198
194
168
139
151
209
219
150
163
162
198
235
196
267
239
182
235
156
213
160
213
210
218
194
164
175
228
203
185
192
190
200
216
220
180
235
182
169
180
224
184
168
152
177
170
164
167
179
186
196
203
213
253
212
179
238
243
193
222
159
209
205
212
219
214
186
147
232
253
154
160
249
257
182
