12
15
17
6
391
11
2
0
0
9
1
2
2
5
1
0
1340
2
1
1318
1332
1
1329
21
5
2
9
2
3
0
2
219
6
2
13
1
2
7
7
8
3
4
2
2
9
7
3
0
2
2
6
3
11
3
0
6
5
1
5
10
11
5
10
1
2
4
2
2
3
5
14
11
5
1707
3
10
2
4
7
6
4
5
2
2
3
2
9
0
87
2
1
1301
1
1
0
1
1
0
5
1808
2
3
8
1
3
5
1
5
11
0
6
8
3
1
0
1
5
5
9
15
6
12
21
10
4
130
0
1
6
6
11
5
1
7
0
2
10
1
15
2
4
5
0
5
4
1
2
8
1
2
2394
7
8
6
2
3
3
7
5
1
7
3
2284
6
0
2239
4
1
0
4
1
2
4
3
0
5
3
2686
18
2716
1
24
20
2
19
6
11
4
6
15
14
4
12
11
7
2
7
23
1
3
3
9
11
7
2
269
2
3
6
9
8
4
3
11
0
1
2
0
2
15
1
6
1
6
12
0
3
17
2
0
3
1
2
1
1
2
6
4
0
2
1
5
11
5
2
0
2
4
3
480
1
11
7
5
0
10
7
0
473
1
5
10
3
5
463
7
1
9
2
1
7
1
4
5
1
5
466
5
3
1
0
465
2
2
1
1
3
0
4
2
3
2
5
0
6
8
1
261
6
2
4
7
0
11
3
1
13
4
8
21
0
11
265
6
5
2
3
7
250
5
308
0
5
2
1
18
300
5
14
4
449
6
3
8
2
5
1
5
1
0
6
6
3
219
24
2
10
4
20
3
5
9
1
2
2
6
2
3
5
2
1
19
12
6
11
4
6
21
2
2
10
15
418
15
14
4
0
1
12
87
11
10
9
2
7
2
7
7
2
23
46
1
2
1
3
15
4
8
0
5
