419
500
529
512
629
631
1583
1576
1573
1612
1656
2493
5857
5938
6250
6130
4066
6276
6284
6367
6464
6344
6631
6444
6712
6558
6820
6948
6892
6889
6962
4102
2623
5674
4165
7119
5733
7051
4173
2700
5685
5723
7185
7221
4186
7267
7243
7384
7627
8617
8697
9079
7483
8958
9794
9335
9711
7505
9409
10052
10009
9891
9849
10393
10188
10080
10026
10278
10512
10212
10460
10661
7363
7327
10889
10592
10562
10623
10743
10948
10717
10736
8953
10430
10457
10216
10546
10107
10552
10303
10623
10486
6126
7605
7700
6253
8507
6334
6265
8603
7836
6301
8696
9473
9639
9807
9968
10167
9602
6420
10386
10211
10551
10637
11569
11573
11942
8128
11654
8029
12004
11892
8125
11809
11686
7691
9030
9042
11596
11615
9105
12377
11596
9159
9125
10876
9164
12408
10657
12371
10544
12231
6636
11905
10666
12027
6646
12114
11235
12156
11901
11533
10885
10559
13734
11431
13753
10259
10215
13847
10288
10268
10258
13747
10636
10207
10316
14236
14359
14312
14312
14354
14321
9577
14321
14320
14369
14201
14183
14272
14129
13687
13653
10496
13360
10413
10455
10444
13268
13110
13028
6135
12957
12784
12719
10290
10305
12532
10300
10144
