2154
2300
1024
1761
1836
1798
1835
1855
4986
6972
7124
7163
7329
7341
7323
7361
7266
7280
7250
7291
7487
7151
5178
7668
7640
7675
7184
6047
6080
3849
5363
5368
7695
7167
6190
7705
5520
5468
6262
7561
5573
2838
2910
10606
8141
10688
10667
10682
10707
10681
10621
10712
10743
10710
10755
10733
10649
10591
10747
10760
10658
10677
10759
10768
10819
10808
10785
8226
9297
6116
5949
6075
5946
9877
9912
7191
11256
11243
9973
8795
9928
11360
6770
9997
6809
7381
4561
7402
7010
7255
11360
11444
12653
12680
12590
15145
15161
12677
9016
9497
12678
9520
15791
15794
15873
12715
12522
11954
15871
12551
12730
10331
12324
10382
16475
6358
10708
11039
11096
11052
10894
10766
16848
10629
10492
10425
16463
16945
10268
17821
17019
9969
16144
11954
9192
16900
8006
7603
16548
16418
16529
16370
16115
7209
7226
6928
2960
6781
6716
5632
