964
1022
950
928
949
954
977
986
5745
5852
5986
4272
6133
6267
6371
6329
6346
6346
6339
6350
6488
6251
6247
6631
6617
6639
6262
3712
3670
3675
3642
3643
6645
6156
3986
6648
3764
3701
3917
6520
3801
2724
1177
8115
8131
8163
8131
8120
8173
8152
8132
8191
8205
8196
8222
8208
8183
5753
5903
8227
8183
8174
5908
8217
8247
8223
8230
5918
8054
4149
3908
4054
1767
6838
6848
6817
7302
7357
6874
7518
4625
7468
4281
6901
4318
5749
5973
5876
5358
5749
10488
10886
8093
8126
8024
10768
10915
7042
5137
5471
8103
5486
11649
11675
11744
8119
5183
7871
11749
8099
8114
6458
8097
6487
12331
7425
7483
7754
3587
7770
7766
7748
12331
7739
7744
7715
12322
12360
7694
13255
12901
7543
12236
13699
3326
12146
7462
7373
13428
13338
12523
13318
13204
7067
7042
6783
6798
6669
2800
6523
