429
412
373
349
358
360
371
386
859
859
2046
2089
2061
2070
2117
2087
2129
2125
2137
2118
2145
2044
2077
2155
2149
2157
2124
1375
1406
847
850
844
2168
2150
1445
2175
854
849
1449
2187
851
1143
1163
3071
3149
3102
3113
3175
3169
3116
3148
3219
3238
3206
3241
3242
3149
3093
3231
3207
3131
3131
3230
3145
3207
3184
3161
3213
883
2475
2320
2415
2282
1723
1762
1732
2666
2653
1766
2827
1753
2724
1891
1791
1916
2189
2253
645
2053
2154
4131
4205
2842
2877
2775
4144
4205
2831
2860
2345
749
2372
4567
4586
4647
692
2971
2841
4647
2897
3011
2458
2938
2467
4635
2645
2639
2638
2637
2642
2647
2631
4588
2629
2629
2628
4644
4589
2622
4742
4663
2589
4337
4991
2507
4361
2288
2338
4770
4744
4365
4753
4697
2079
2174
2138
2142
2046
568
1876
