1217
1280
1313
1317
1368
1397
1340
1311
1312
1345
1354
2233
8756
8920
9116
9114
9107
9247
9214
9336
9340
9305
9423
9410
9467
9588
9440
9204
9024
7398
9967
3703
3706
5098
3793
9882
5210
9142
3813
3767
5374
5447
9786
9083
3846
9621
10487
10929
9723
9030
12119
9239
10766
12183
12442
12373
12397
10919
12436
12499
12539
12608
9433
12587
12610
12674
12647
12768
12460
12699
12872
12847
12745
12817
12807
12946
12895
12686
13023
13057
12778
13017
12362
10081
10091
9937
10311
9786
10275
9878
10270
10071
8231
9685
9819
8348
11953
8463
8313
8349
9958
8374
11844
13504
13398
14251
13852
14547
13303
8503
14622
13624
14687
14645
14686
15300
11212
10603
10848
10064
11251
7580
10484
10886
10495
14700
12289
12255
15399
15367
12330
14811
15390
12386
8892
11662
12393
14656
11563
14520
11421
13514
11943
8427
11714
13010
7493
13210
12443
13994
13782
13421
12880
12648
17921
13266
17904
14356
14305
17961
14422
14544
14544
17905
12144
14326
15350
18906
19115
19068
19098
19490
19458
14332
19471
14369
14346
19562
19649
19560
19607
19325
14042
15402
19134
15306
15372
15391
19385
19140
19097
15313
18987
19002
18888
15600
15625
18774
15545
15477
