1485
647
1566
1553
1654
1662
2975
2920
2944
3001
3025
2596
5445
5535
5421
5598
5257
5655
5299
5528
5317
5344
5525
5400
5572
5483
5520
5543
5521
5751
5859
5862
5887
6531
5965
5753
6796
5667
5971
4087
6729
6809
5819
5701
5992
5838
6124
6636
10531
11634
11706
11977
6300
8740
9581
12076
12575
6298
12136
12776
12743
12681
12699
12924
12876
12825
12836
12997
13049
12968
13145
13248
13095
13154
13577
13280
13257
13186
13424
13640
13341
13410
7684
9819
9868
9769
10041
9536
10081
9831
10116
9988
7389
10523
10646
10196
6881
10348
10203
6952
10744
10274
7138
8298
7949
4897
8040
8572
7878
10460
8796
8309
8975
9004
10110
15424
14207
13791
13953
10059
14185
10261
10122
13930
10141
10244
14358
14338
15523
15514
14380
10502
15522
14415
14414
9887
10631
10500
9825
10540
10126
11225
10248
10742
5851
10908
9965
10764
10249
11009
10625
10235
9466
9085
17841
9609
17842
15788
15694
17864
15787
15974
15794
17862
8911
15726
16220
18228
18238
18233
13245
18325
18228
18338
18331
18362
18434
18171
18333
18295
18280
12364
17276
16247
17136
16002
16181
16178
17139
17069
16875
16086
16777
16737
16555
15922
15885
16399
12667
15619
