1452
1580
917
1611
1616
1642
1638
915
8100
8302
8480
8482
8630
8679
8727
8735
6642
8628
8667
8670
8833
8566
6419
9143
9140
9132
8282
4031
4082
2765
2722
2709
9082
8351
4173
8725
2832
2820
4249
8617
2860
4519
2754
9014
6792
9107
9281
9330
9301
9100
9345
9330
9315
9328
9353
6835
9393
9414
6947
6926
9403
9398
9427
9525
9479
9498
9534
9565
10511
6271
6073
6282
6072
5702
5742
5704
8704
8753
5794
8970
5741
8935
4662
5806
6900
6596
6766
6650
3690
6522
12825
12900
7751
7799
7703
12861
12943
7771
7755
8761
7855
8911
15263
15249
15378
5005
8518
8277
15396
8512
8540
10129
8480
6275
16030
11121
11148
11601
11590
11598
6860
6797
16076
11500
11491
11313
16016
16061
11297
16652
16028
11258
15939
15934
11219
15925
11155
11158
15661
15437
15616
15449
10606
10687
10609
10103
10071
9897
9783
9639
