857
1532
1558
870
1501
1606
1987
1959
1989
2023
2014
3316
8028
8227
8340
8473
8081
8590
8105
8546
8073
8294
8044
8404
8056
8318
8140
8056
8081
8597
8590
5639
5670
6474
5805
8644
6603
8357
5809
5743
6655
6871
8557
8376
4244
8642
9079
9668
12276
13728
13826
14085
9321
13934
14422
14226
11199
9383
14310
11207
14465
14583
14575
14343
14354
11469
14724
14797
14295
14673
14746
14490
14447
11506
14742
14805
14802
14355
14725
14773
14579
14729
11474
8681
8626
8424
8832
8395
8799
8423
8750
8611
11323
12261
12352
8846
10421
11503
8833
10654
12452
8936
6837
12052
11397
12154
11479
12122
11163
11568
12096
11503
12013
11895
12480
16522
12869
8691
12376
8526
12794
12520
12144
12471
12247
12469
14831
14790
16584
16560
14832
12727
16607
14882
14856
5365
14906
12723
9099
12365
9126
10864
9124
10144
8690
10030
8930
10074
9561
10794
10203
9738
8991
8576
18589
9547
18583
16390
16325
18628
16391
16386
16385
18612
8634
16336
16946
19294
19284
19309
19294
19555
19564
19564
19552
19479
19512
19428
14355
19437
19454
18829
18613
16975
18732
16911
17030
17023
18776
13721
18620
16902
18437
18416
13257
17175
17189
18185
17142
17084
