1085
1142
1064
1042
1064
1069
1091
1112
5858
5966
6100
5354
6240
6383
6478
6440
6455
6454
6447
6459
6594
6364
6363
6739
6726
6748
6378
3820
3790
3790
3758
3759
6754
6311
4093
6756
3878
3832
4025
6626
3916
2846
2099
8224
8241
8271
8239
8233
8281
8271
8240
8302
8317
8305
8332
8317
8294
7133
7245
8342
8299
8291
7242
8326
8354
8337
8343
7276
8166
4263
4019
4174
3008
6955
6962
6948
7410
7467
6989
7625
5922
7579
4392
7019
4428
5888
6082
5992
5519
5857
10597
10992
8205
8237
8137
10874
11022
7721
6805
5582
8222
5605
11760
11786
11862
8233
6848
8006
11859
8209
8230
6575
8207
6600
12448
7536
7594
7866
5916
7881
7884
7867
12439
7849
7855
7835
12431
12470
7803
13379
13020
7661
12352
13815
5666
12265
7579
7490
13551
13457
12698
13461
13334
7179
7155
6893
6910
6783
4933
6641
