2326
2474
1629
1928
2003
1964
2000
2031
6137
7145
7297
7334
7495
7515
7487
7527
7433
7448
7422
7456
7654
7346
6389
7833
7811
7846
7355
6214
6245
4864
5529
5541
7863
7337
6351
7868
5684
5635
6427
7727
5739
3008
3077
10777
9662
10855
10834
10851
10876
10859
10787
10880
10910
10876
10927
10905
10818
10763
10914
10932
10829
10850
10933
10934
10984
10977
10958
9782
9469
6286
6124
6245
6125
10044
10079
8803
11419
11408
10134
10404
10094
11527
6937
10166
6976
7574
6293
7583
7241
7441
13526
13576
12821
12844
12750
15306
15322
12839
11107
9663
12844
9686
15957
15958
16038
12874
12681
12121
16034
12708
12892
10503
12482
10554
16644
8851
10880
11212
11272
11224
11069
10938
17006
10800
10667
10597
16624
17107
10481
17993
17187
10139
16311
14768
9360
17061
8174
7776
16716
16590
16697
16561
16316
7403
7405
7107
5235
6968
6892
5806
