1689
1815
1521
1838
1836
1864
1858
1527
8327
8529
8716
8707
8849
8908
8948
8959
7918
8853
8896
8897
9056
8793
7639
9364
9366
9356
8514
4246
4300
2988
2944
2942
9305
8580
4387
8949
3050
3039
4467
8892
3095
4746
3957
9239
8349
9333
9506
9554
9533
9336
9569
9565
9551
9563
9581
8428
9623
9641
8471
8494
9642
9634
9659
9753
9703
9723
9765
9789
10758
6509
6317
6502
6291
5921
5961
5939
8920
8972
6012
9185
5958
9154
6054
6036
7124
6844
7015
6906
5347
6775
13045
13118
7981
8016
7931
13078
13156
7995
7975
8985
8076
9136
15479
15470
15600
7091
8737
8517
15615
8732
8762
10364
8704
8572
16251
11347
11382
11823
11824
11825
9577
9543
16288
11725
11712
11545
16230
16276
11522
16877
16260
11479
16155
16155
11438
16143
11376
11381
15898
15685
15856
15701
13350
10904
10828
10321
10294
10115
9999
9848
