1603
1229
1680
1674
1764
1776
3086
3038
3061
3112
3139
3475
5556
5646
5531
5709
5367
5765
5409
5643
5434
5455
5635
5510
5683
5593
5630
5653
5630
5861
5970
5978
6009
6638
6074
5863
6902
5779
6080
5185
6835
6916
5930
5808
6102
5947
6237
6748
10637
11748
11819
12096
6413
10470
11305
12190
12690
6412
12251
12892
12860
12793
12811
13038
12991
12938
12948
13116
13166
13083
13257
13359
13207
13267
13697
13399
13375
13298
13536
13752
13470
13521
7792
9933
9982
9877
10158
9656
10188
9942
10228
10094
8908
10632
10752
10305
6995
10457
10312
7067
10850
10383
7257
8410
8060
6912
8157
8682
7992
10574
8906
8425
9085
9116
10220
15530
14324
13905
14102
12034
14319
12344
12190
14048
12217
10359
14467
14447
15629
15620
14488
10617
15628
14525
14523
10013
12775
10613
9988
10666
10255
11337
10381
10865
8054
11022
10084
10884
10365
11130
10782
10405
9581
9217
17952
9723
17948
15901
15805
17970
15897
16089
15903
17969
9080
15839
16329
18334
18346
18341
16002
18441
18336
18451
18443
18478
18551
18294
18444
18417
18396
15117
17397
16352
17257
16105
16284
16281
17265
17185
16987
16191
16890
16857
16680
16025
15989
16546
14437
15728
