1241
1589
1615
1296
1564
1666
2044
2019
2045
2079
2072
3372
8084
8282
8395
8528
8136
8645
8160
8601
8128
8349
8099
8459
8113
8373
8195
8111
8138
8652
8645
5695
5731
6529
5861
8698
6658
8413
5865
5799
6710
6926
8612
8429
5146
8696
9135
9723
12331
13789
13881
14146
9379
13990
14478
14281
12973
9445
14365
12974
14522
14639
14629
14399
14413
13280
14779
14852
14350
14729
14807
14571
14503
13278
14799
14865
14858
14412
14783
14830
14633
14785
11529
8739
8691
8547
8885
8450
8851
8483
8803
8674
11380
12316
12407
10273
10479
11560
10259
10715
12507
10334
8867
12108
11453
12209
11540
12177
11255
11628
12151
11561
12068
11950
12535
16577
12921
10568
12433
10369
12851
12577
12199
12568
12298
12524
14886
14844
16639
16615
14887
12795
16662
14938
14914
7495
14961
12784
9215
12427
9181
10922
9187
10200
8753
10086
8988
10136
9632
10851
10264
9844
9053
8634
18649
9605
18638
16449
16380
18684
16445
16443
16440
18667
8703
16397
17001
19349
19341
19365
19349
19614
19620
19620
19608
19540
19570
19489
17151
19497
19520
18903
18683
17029
18787
16964
17082
17076
18830
16414
18679
16954
18497
18471
15983
17227
17240
18250
17195
17136
