623
671
698
690
799
810
1753
1747
1741
1782
1830
2662
6020
6101
6414
6292
5395
6439
6446
6534
6626
6509
6797
6607
6882
6720
6985
7110
7055
7055
7124
4270
3588
5835
4331
7280
5895
7213
4339
3644
5847
5885
7347
7378
4355
7429
7406
7545
7787
8787
8862
9249
7646
9130
9958
9501
9884
7674
9577
10220
10175
10058
10017
10563
10358
10242
10187
10442
10676
10377
10627
10823
9136
9110
11059
10760
10726
10789
10910
11115
10891
10901
9114
10591
10616
10427
10748
10275
10755
10462
10782
10646
6301
7770
7860
6420
8677
6500
6431
8768
7996
6468
8863
9636
9803
9969
10138
10329
9965
6592
10548
10378
10712
10800
11733
11734
12112
10099
11824
9935
12170
12055
10120
11981
11852
10055
9208
9208
11756
11775
9271
12545
11758
9324
9290
11038
9331
12572
10816
12536
10706
12396
8984
12077
10834
12195
9088
12288
11396
12330
12064
11690
11058
10736
13900
11601
13914
10427
10380
14006
10448
10435
10419
13908
10794
10384
10548
14398
14521
14473
14473
14518
14482
12264
14483
14491
14547
14375
14356
14447
14305
13863
13822
10660
13537
10581
10621
10610
13438
13282
13210
8554
13128
12985
12906
10447
10462
12764
10456
10337
