1451
1509
1544
1552
1596
1624
1561
1538
1535
1564
1575
2456
8976
9139
9338
9333
9326
9466
9431
9559
9557
9523
9641
9629
9685
9805
9659
9422
9246
8939
10185
3922
3937
5311
4016
10098
5424
9359
4034
3987
5591
5661
10003
9300
4066
9837
10704
11147
9935
10843
12342
11078
10983
12404
12667
12599
12621
11142
12665
12730
12763
12829
11296
12811
12832
12894
12868
12986
12685
12922
13091
13065
12967
13037
13029
13174
13127
12908
13245
13285
13001
13235
12581
10295
10307
10157
10526
10010
10491
10101
10484
10288
8459
9906
10032
8569
12180
8685
8533
10464
10171
8596
12069
13723
13617
14470
14077
14765
13532
8727
14841
13848
14905
14863
14906
15513
11441
10860
11112
10419
11482
9597
10733
11130
10760
14924
12510
12473
15614
15579
12547
15035
15603
12605
10956
11897
12617
14877
11779
14745
11635
13736
12160
11066
11937
13231
10025
13454
12674
14228
14004
13648
13110
12884
18139
13495
18117
14588
14522
18173
14638
14765
14761
18118
12366
14551
15564
19120
19331
19281
19313
19708
19672
17387
19685
17395
17390
19789
19872
19792
19836
19555
17041
15616
19353
15526
15590
15606
19603
19360
19316
15528
19204
19218
19107
15810
15835
18993
15757
15690
