2230
2291
2374
2390
2433
2510
2862
2805
2813
2902
2888
3393
8970
9127
9578
9510
9624
9623
9797
9827
9834
9851
9971
9995
10034
10069
10149
10172
10182
10484
10583
5462
5451
7409
5522
10664
7558
10453
5565
5500
7528
7562
10744
10491
5560
10706
11404
11903
11384
12312
12457
12491
11852
12573
12644
12596
12661
11992
12685
12802
12847
12827
12784
12958
12892
13023
12949
13095
12947
13042
13158
13108
13097
13124
13157
13241
13187
13122
13292
13332
13141
13284
13291
12018
11996
11862
12291
11613
12232
11800
12137
11987
8992
11381
11595
9114
13312
9231
9165
13343
11671
9196
13491
14363
14244
14710
14466
14901
14274
9195
14970
14511
15069
15028
15302
15566
12374
11850
12085
11555
12426
12212
11888
12203
11901
15340
11953
11893
15722
15701
11851
15844
15781
11917
11976
13448
11943
15857
13184
15778
12966
14769
13161
14239
13065
14461
13570
14733
13899
15161
14827
14502
13914
13658
17982
14480
17902
13534
13420
18012
13499
13620
13534
17944
13639
13473
14011
18844
18874
18895
18946
19154
19077
19224
19151
19246
19235
19074
19311
19144
19185
18819
18680
14084
18480
13909
14027
14005
18534
18421
18466
13832
18232
18306
18078
13985
13929
17806
13837
13648
