487
480
428
404
419
416
426
443
1530
1528
2109
2145
2117
2129
2171
2143
2183
2179
2191
2171
2199
2102
2130
2211
2210
2211
2177
1429
1460
902
905
901
2222
2202
1498
2229
909
906
1503
2241
910
1200
1222
3125
3205
3157
3167
3236
3223
3173
3209
3274
3292
3263
3295
3297
3204
3148
3287
3262
3186
3186
3286
3213
3263
3246
3236
3268
1779
2528
2374
2470
2343
1779
1818
1793
2719
2708
1820
2880
1808
2777
1956
1848
1972
2250
2310
1534
2172
2225
4185
4258
2897
2936
2831
4197
4258
2900
2914
2402
1947
2428
4622
4642
4705
1961
3036
2908
4701
2983
3070
2526
3007
2535
4699
2700
2694
2694
2696
2698
2704
2689
4662
2684
2685
2688
4699
4644
2676
4804
4720
2644
4417
5058
2580
4418
2362
2400
4841
4815
4469
4824
4779
2187
2245
2194
2211
2117
1393
1982
