2161
2291
1583
1553
1567
1571
1620
1611
6123
6238
6341
6281
6467
6545
6463
6513
6424
6405
6494
6505
6638
6403
6375
6796
6825
6799
6392
4851
4875
3795
3741
3744
6873
6495
4962
6784
3843
3832
5014
6782
3873
4072
4089
7572
7681
7628
7644
7708
7697
7618
7691
7778
7762
7724
7744
7779
7804
7895
7759
7894
7796
7813
7766
7945
7875
7893
7908
7975
8394
6602
6489
6550
6440
6137
6210
6207
7927
7925
6244
8049
6222
8053
6739
6272
6695
6548
6676
6619
6318
6483
11035
11206
8129
8109
8030
11182
11402
8084
8094
8988
8186
9047
12916
13031
13406
9181
9109
8780
13310
9049
9201
10627
8966
10620
14081
11742
11664
12002
11937
11907
11846
11783
14356
11712
11596
11538
14261
14438
11481
15052
14929
11341
14487
14963
11176
14550
11021
10857
14908
14755
14543
14650
14593
10273
10052
9424
9155
8771
8309
7945
