92
68
97
93
136
93
168
212
195
144
163
170
122
105
102
100
115
90
80
104
101
77
99
119
115
134
131
130
119
136
110
142
159
127
158
128
91
118
123
145
117
133
107
115
152
134
155
148
145
135
130
125
167
105
140
121
147
157
145
148
106
119
127
111
136
108
126
144
141
155
122
122
100
151
159
134
127
124
138
144
146
122
192
146
148
140
145
162
164
195
175
166
164
173
137
125
188
114
115
238
143
133
169
155
177
218
229
178
201
147
196
218
176
196
153
187
289
274
238
254
262
253
282
236
293
194
167
177
203
212
191
272
165
191
180
234
188
210
239
180
239
277
264
228
253
206
229
262
271
225
217
235
273
243
217
250
242
207
218
216
190
161
198
186
259
218
198
222
220
236
221
218
215
191
202
218
248
233
242
220
254
214
236
212
257
191
215
208
242
226
211
232
254
236
275
196
243
283
231
188
