55
49
104
85
103
103
68
92
73
88
101
87
109
90
91
114
111
103
78
85
101
100
85
89
95
118
102
90
90
117
99
108
99
111
107
115
114
92
75
115
111
249
255
107
94
111
88
96
94
132
91
79
95
100
133
112
79
74
109
86
118
113
122
84
98
104
117
105
145
189
187
206
206
156
88
134
109
134
121
95
120
133
220
140
285
234
256
232
257
241
197
178
160
168
205
154
136
211
160
346
188
307
213
253
205
206
242
265
187
244
231
358
236
327
285
274
310
211
236
225
246
281
221
225
297
291
231
234
236
236
219
268
221
288
288
230
254
274
221
246
211
204
215
282
219
274
281
235
384
313
