0.133397151104
0.4008217449
0.133395686708
0.133391832465
0.267032003121
0.133386272374
0.133389858136
0.298635504594
0.133398722454
0.267100550427
0.13339450268
0.40285884531
0.266839249066
0.934970833261
0.27728328891
0.267673654082
0.133388959765
0.133393588144
0.266962659724
1.334565542661
0.535108396994
1.200963475349
0.133395215693
0.13338689324
0.266830992105
0.670622414135
0.269577276039
0.403020458998
0.307790734465
1.216962135822
1.334383341927
1.468507732244
0.269100043106
0.133391473084
0.268057116635
0.266840231484
1.33724750578
0.133391775489
1.068084216407
0.133390669965
0.269879651638
0.26682966768
0.400272670909
0.133391638787
1.067608649084
0.133387407427
1.468197194658
1.334772217024
0.133396947991
1.200943194756
1.467829414217
0.269543090345
0.133394221913
1.350523155618
1.349705378739
1.60259382161
0.133388234009
1.205189715863
0.133389698863
0.133395862481
0.270888212685
1.471889527453
0.133393750141
0.266828564669
0.319038238501
0.400273212217
0.419097603915
0.267030145757
0.133394668306
0.133392876842
1.601267300505
0.133385492244
1.467902135156
0.80264014344
1.469487101302
1.335675348219
0.13339139955
1.485885871026
0.267263289713
0.40203579605
0.266872194346
0.133394395176
1.469777963743
1.334708790746
0.284041036611
0.133390005732
1.336340179854
0.133391947367
0.266992344822
0.133394481862
0.133387122675
0.133390303672
0.536433710435
0.133394155555
1.472331087187
0.266890386141
0.408674146277
0.133386369855
1.735412671197
1.200954608583
0.133394646166
0.267952035753
0.289434757243
0.803126543903
0.133393542308
1.345028774442
0.266948315408
0.268595376123
0.133391262768
0.538471594469
0.133388619074
0.266833019902
0.133387233514
0.266934778795
0.133390656345
0.133391351673
0.133390184995
0.267412029447
