41
43
52
51
48
44
56
54
57
51
51
81
76
81
79
69
70
77
71
65
61
67
58
56
66
49
59
51
49
42
42
80
83
49
90
46
53
90
62
44
54
55
54
71
54
69
55
78
76
56
75
78
73
56
79
53
51
49
74
53
47
84
66
79
99
95
107
95
84
78
85
73
73
82
93
88
85
96
93
100
108
97
76
85
104
106
84
87
92
91
92
80
100
122
95
110
90
108
93
105
86
95
96
89
112
116
120
99
124
97
113
127
98
109
116
104
100
120
109
118
111
137
110
92
119
113
117
117
117
129
112
132
107
111
95
126
107
114
97
115
102
137
121
115
127
88
125
128
133
104
114
129
113
129
125
110
129
110
135
112
102
123
100
122
109
126
103
125
109
121
105
83
114
122
117
102
122
117
110
124
110
124
129
117
115
110
125
120
127
114
104
116
113
124
116
106
123
111
108
110
121
124
83
100
111
115
108
120
100
105
101
116
114
95
87
109
104
95
97
91
102
101
88
100
91
88
96
89
94
78
92
95
101
87
95
92
88
86
93
95
96
87
91
90
89
87
76
88
84
82
75
81
82
81
77
80
70
78
71
75
75
69
77
70
75
75
62
74
67
69
64
62
60
48
45
43
32
41
38
38
33
28
30
37
34
32
24
27
30
29
25
