1071
1090
415
1146
1117
835
1547
814
1563
1573
1538
9819
9778
10030
10149
10138
10308
10243
10349
10360
10374
10509
10518
7796
7882
10591
7887
10597
10618
10524
10600
7905
10465
10539
10408
10338
1504
3074
3991
5779
10330
3057
5865
3089
3040
5896
3062
10184
9945
7110
10808
10172
10352
10298
10597
10275
10830
10326
10791
10521
10617
10403
10370
10539
10604
10417
10780
10981
10521
10652
10865
10999
10858
10968
10769
10806
10687
11042
7729
10977
10968
9347
9235
8947
8386
5433
9488
9216
9147
8773
8175
8198
4116
11699
4088
4140
8197
8205
3920
4134
4091
11664
11966
11665
12038
11624
11883
11616
11873
11922
11658
11766
11772
11808
11698
7892
5787
5568
4928
8667
5615
4841
11122
4933
5063
4303
5395
8480
4766
10225
7941
10221
4722
4742
10231
4774
4726
7626
10220
7357
4744
8849
7408
11148
8295
7808
7963
10990
9898
9850
9822
9497
9168
10516
10506
9077
4940
4927
4948
4965
10521
4904
10508
4972
8764
8459
10540
10543
10561
10539
10516
10363
10314
10482
10368
10208
10233
9937
10099
9866
9301
9216
4901
4829
8973
4828
4849
8997
4812
5035
8443
4784
8670
8394
8297
4735
4711
8083
4666
4449
