713
703
231
1137
658
1173
1200
1201
755
2201
1902
1965
1929
1971
1975
1816
1966
1839
1812
1863
1848
1844
1872
1809
1845
1818
1797
1690
1905
1688
1643
1658
1734
1689
2314
2296
2386
2383
2396
1687
2337
2440
316
1389
2413
992
3941
3971
3944
3964
3941
3918
3961
3957
1996
3976
3969
3942
3973
3979
3968
3970
3978
3968
4013
3948
4005
3986
2051
3971
3998
478
495
3911
3777
3999
3840
3862
3823
3722
1058
4022
3825
3819
1057
5232
2707
2568
2657
2599
2482
4590
2266
5267
5307
2217
5288
4627
1156
4653
4629
1167
4512
4544
5350
5327
4494
4531
5384
5315
4580
1250
1265
4263
1373
1369
1401
1422
1435
435
1436
1466
1449
5420
5405
1459
5268
5301
1464
5263
4679
1433
4608
4665
1405
4610
1375
1381
4537
4418
4359
4339
4242
1034
1073
1022
946
838
770
654
