1867
1970
2150
2185
2240
2086
2085
2079
1267
2101
2084
9764
9684
12465
12859
12670
13258
13092
13528
13541
13664
13695
13776
13639
13690
13744
13678
13754
13745
13575
13665
13629
13569
13609
13550
13524
3938
2704
6488
6483
13475
4126
6392
4184
4066
6437
4108
14732
14595
14680
14655
14749
15001
14963
14819
14940
11525
14966
15090
15066
14930
15053
15175
15117
15132
15218
15180
14353
15051
15218
11895
14959
14596
15164
15127
14608
15292
11687
11710
14779
15146
13252
13021
12443
11774
8572
13516
13235
12922
12475
10936
10945
7742
16873
7687
7698
10974
11025
7774
7770
7700
17528
17695
17774
18003
18207
18550
18589
14318
14459
18620
18539
18620
18564
18384
18415
11814
11472
10832
13466
11449
10791
18195
10845
11015
10048
11495
13209
10353
15860
13080
15827
10324
10322
15883
10377
10270
12690
15825
12451
10365
9655
12865
18948
13888
13495
13684
19021
16703
16519
16459
11312
15511
17778
17787
15352
11733
11735
11749
11783
17850
11717
17828
11767
14296
13834
19039
18791
19092
19430
19302
19432
19414
19436
19464
13860
19349
19182
19199
19160
18710
18624
12385
12335
18435
12227
7521
18654
12375
17702
18036
12289
12826
17630
17360
12424
12387
17221
12304
12257
