1746
1726
1118
772
286
787
829
819
815
3312
5263
5310
5353
5275
5338
5012
5322
5032
5075
5076
3403
5052
5113
4995
5086
5086
5081
4844
5228
4914
4924
4886
4906
4915
3642
3474
2058
2054
2074
4899
3685
2140
3291
2088
2108
3340
4808
4840
4960
4859
4952
4990
5004
5021
5003
5040
5019
5080
2900
5129
5161
5058
5067
5102
5216
5042
5251
5176
5203
5171
5253
2954
5349
6903
3751
6966
3828
3871
3765
6937
3149
7004
3797
3778
5402
8963
4836
4734
4820
4758
2265
5315
4239
8973
9044
5379
9032
4655
7748
5377
5394
7918
6210
6216
10695
10648
6239
6305
11148
11228
6255
9279
5549
6227
10356
10443
11217
11343
11374
11405
11406
11445
11475
12828
11952
11320
12807
12760
11303
13304
12814
11274
12572
7813
11236
12685
11157
11134
12631
12632
12575
7687
12463
10671
5931
10580
10126
9961
9810
8494
