889
1715
1762
2277
2267
1367
2296
2320
2308
4836
8538
8680
6553
8593
8725
8277
8654
8276
8295
8325
8323
8333
8397
8330
8376
8391
8425
8335
8557
6218
8422
8316
6285
8371
5184
5073
4057
4035
4067
8234
5293
4159
3538
4110
4117
3679
11135
8530
11460
11278
8813
8848
11510
11497
11559
11554
11545
11551
11545
11645
11673
8918
11611
11554
11728
11589
11725
11662
11638
11665
11770
6118
6319
10216
7445
10325
5126
7530
7485
10291
5363
10359
7487
5108
5412
13287
7473
7117
7098
4562
4116
8681
8620
13277
13328
8755
13293
8754
6503
8791
8765
6572
8988
8976
14742
14760
8992
5910
14794
14734
9062
3909
7444
8670
7729
3989
7657
7527
3680
7393
7373
7351
7317
15300
15280
7342
15239
15182
7317
15142
14262
7309
14331
14011
7240
13663
7051
7053
13679
13538
13393
13325
13193
6554
6484
6453
6311
6184
6095
5931
