1224
1281
1285
1341
1424
3642
2448
2428
3682
2525
3681
9520
9408
9617
9873
9776
7616
9991
10404
10437
10410
10565
10535
10492
10559
10612
10620
10628
10708
10657
10737
10702
10763
10766
10768
10772
4467
6396
8123
8126
10807
4666
8065
6442
4584
8093
6385
13368
13274
13351
11529
13409
13424
13573
11585
13551
13668
13600
11920
13843
13682
13757
13855
13960
10694
13989
14055
13717
13762
14070
14118
10520
13878
13848
14012
13927
14045
14069
10628
14083
14193
11605
11596
11387
11138
7745
11890
11733
11695
11537
11532
8873
9782
13753
9719
9755
11556
11597
9810
9821
9758
14089
14359
14305
14695
10673
14773
14715
14887
14899
14849
14957
14910
14851
14914
15080
13062
9101
12541
12005
12941
12639
15176
12646
12752
12101
13068
11717
11878
15806
11746
15793
12026
12063
15828
12086
12029
11687
15802
11562
12062
13069
11717
16277
12485
7615
12154
16152
14395
14200
9328
13521
13212
17388
17412
13061
12943
12920
12930
12948
17396
12888
17472
12959
12514
12202
17926
17932
17934
18075
17944
18049
18018
18039
18068
18353
18288
18087
18186
18030
17148
17075
13200
13139
17020
13097
13108
16991
13061
11695
16754
13033
16881
11570
16159
12986
12990
15797
9917
12747
