1462
1472
1515
1194
1227
659
1261
1263
1278
3538
5050
7186
7148
7201
7279
7239
7290
7271
7302
7302
7338
7292
7384
5204
7295
7307
7289
7162
7502
7181
7227
7160
7254
7248
3673
3655
3546
3530
3599
6043
3739
3656
2973
3605
3622
3078
9839
9853
9889
9891
9823
9828
9964
9904
9957
9975
9977
7187
7354
10042
10038
9967
10017
9898
9986
9969
10013
9943
7371
9999
9980
4412
4497
7533
7013
7932
7117
7180
7123
7671
5424
8081
7098
7088
5484
9002
5930
5711
5880
5846
5362
8995
9046
12042
12227
9100
12209
9072
7280
9091
9094
7277
6047
6056
13707
13688
9543
6077
14079
14185
9748
8089
8107
9435
8868
8803
9117
9116
9111
9089
4604
8933
8805
15493
14721
8813
15471
15352
8775
16208
16204
4434
16126
16080
8627
15981
7865
7444
15829
15848
15653
15579
15443
7025
3100
7110
7017
6938
6891
6727
