1055
1101
1160
1194
1207
1254
1254
1256
1289
1306
1271
5611
5612
5750
5778
5798
5839
5848
5802
5851
5819
5862
5903
5872
5895
5929
5926
5963
5999
5958
6062
6063
6157
6150
6129
6135
3503
3658
4011
3993
6174
3678
4051
3727
3626
4082
3665
9430
9409
9429
6580
9501
6966
9764
6316
9610
10129
9607
6584
9909
10151
9861
9935
7011
10042
10043
10152
10024
10186
10142
10267
10251
10173
10329
10460
10216
10313
10445
10386
10401
10632
6880
6879
6665
6406
6439
7034
6975
6958
6805
5314
7760
7156
3983
7070
7122
7807
8013
7221
7218
7143
6996
7230
7049
7302
7050
7383
7125
7421
7514
7113
7419
4258
7510
7474
8237
4794
7921
7642
6137
7947
7612
8361
7709
7777
4398
7916
5959
9505
7802
5727
11025
9480
9665
11076
9528
9672
5585
11039
5476
9712
6761
5290
8373
6062
5574
5689
8111
7075
6938
6977
6737
6569
12583
12562
6304
10189
10277
6306
10304
12670
10258
12618
10305
5912
5328
12717
12711
12692
12760
12709
12729
12713
12678
12744
12665
12631
12613
12591
12583
12284
12182
10237
10190
11924
10065
10070
11923
10035
11685
11979
10022
11838
11609
11414
6010
9915
11272
9860
9720
