1250
1272
969
1319
1292
1391
1720
1370
1733
1743
1723
9981
9941
10195
10313
10303
10476
10406
10510
10521
10534
10669
10679
9384
9464
10752
9474
10758
10776
10685
10761
9461
10624
10701
10565
10498
2466
3246
5111
5945
10485
3227
6028
3258
3214
6062
3233
10350
10109
8885
10970
10338
10515
10461
10760
10444
10996
10497
10956
10683
10782
10572
10535
10705
10773
10584
10942
11149
10685
10821
11039
11164
11017
11131
10934
10967
10851
11213
9579
11137
11129
9501
9391
9104
8549
7289
9642
9384
9306
8928
8337
8361
4283
11865
4268
4310
8361
8373
4087
4302
4260
11833
12131
11835
12203
11788
12046
11777
12037
12085
11819
11931
11942
11974
11860
10031
5954
5734
5102
8895
5786
5013
11284
5100
5227
4559
5573
8640
4933
10388
8101
10385
4893
4912
10395
4942
4904
7787
10384
7532
4911
9009
7571
11313
8456
7965
8121
11153
10071
10012
9987
9657
9326
10679
10669
9234
5110
5093
5116
5135
10684
5077
10675
5137
8931
8621
10704
10705
10725
10703
10685
10529
10479
10655
10537
10378
10400
10108
10280
10050
9496
9401
5067
4992
9159
4993
5012
9179
4975
7048
8681
4952
8860
8588
8481
4905
4872
8324
4836
4634
