1923
2025
2212
2241
2297
2142
2141
2135
1757
2158
2141
11162
11063
12522
12916
12729
13316
13148
13583
13596
13719
13749
13831
13695
13745
13802
13733
13809
13803
13628
13721
13684
13622
13662
13604
13575
3995
3521
6546
6541
13526
4182
6448
4240
4123
6495
4165
14787
14650
14735
14710
14805
15058
15018
14874
14995
13339
15023
15145
15122
14985
15108
15230
15174
15196
15273
15235
14412
15108
15274
13753
15015
14648
15221
15186
14660
15347
13538
13599
14833
15200
13304
13072
12499
11835
10496
13567
13288
12973
12526
10992
11002
7798
16929
7743
7755
11031
11082
7830
7826
7756
17583
17754
17829
18062
18262
18607
18644
16643
16759
18675
18594
18680
18619
18440
18470
11868
11524
10887
13518
11532
10845
18251
10897
11069
10200
11548
13260
10409
15917
13136
15883
10380
10379
15939
10434
10370
12745
15887
12502
10422
12224
12920
19006
13944
13550
13734
19078
16764
16572
16513
13954
15563
17834
17844
15403
11790
11792
11805
11840
17906
11772
17888
11827
14348
13890
19095
18850
19148
19487
19359
19488
19471
19491
19521
16791
19405
19243
19261
19219
18779
18693
12438
12386
18520
12320
10180
18719
12426
17762
18104
12341
15739
17688
17421
12475
12439
17320
12359
12308
