2262
2275
2344
1651
1657
1678
1732
1740
1723
4455
6221
6312
6350
6266
6363
6246
6362
6287
6331
6334
6377
6322
6397
6303
6379
6395
6405
6318
6582
6327
6375
6315
6417
6402
4932
4910
3749
3724
3728
6266
4985
3810
3993
3794
3786
4114
7137
7204
7306
7243
7279
7369
7357
7299
7356
7431
7390
7534
7360
7450
7500
7411
7426
7464
7602
7423
7649
7591
7557
7485
7676
5775
5932
7646
5797
7814
5860
5933
5857
7721
6678
7800
5907
5887
6764
10321
5949
5757
5855
5752
5508
7349
7515
10387
10700
7466
10603
7531
8609
7497
7532
8556
8063
8183
12091
12152
8068
8174
12266
12309
8286
10049
10142
7961
11004
10924
11205
11154
11164
11090
11091
10990
10917
13278
13032
10887
13383
13130
10850
13963
13880
10684
13379
13927
10489
13452
10389
10295
13937
13548
13618
13797
13604
9712
9466
9145
8627
8187
7897
7334
