1638
1663
1692
1357
1395
1115
1423
1425
1447
3700
6293
7357
7324
7378
7450
7408
7460
7437
7470
7469
7504
7462
7553
6452
7468
7478
7457
7330
7669
7350
7397
7323
7420
7409
3832
3813
3716
3698
3771
6799
3896
3824
3149
3768
3788
3248
10010
10022
10058
10058
10002
9997
10132
10072
10124
10152
10149
8775
8915
10207
10203
10135
10184
10070
10164
10149
10177
10112
8924
10165
10145
4589
4666
7691
7184
8089
7284
7342
7284
7828
5594
8238
7264
7271
5662
10856
6120
5898
6063
6033
5604
9169
9206
12203
12386
9262
12367
9233
7443
9260
9256
7454
8069
8154
13868
13858
9704
8141
14238
14347
9916
8259
8274
9614
9039
8969
9292
9282
9278
9260
7133
9098
8976
15657
14888
8980
15643
15519
8942
16380
16369
6883
16295
16251
8802
16151
8046
7618
16011
16027
15826
15761
15642
7256
5429
7281
7194
7106
7060
6920
