1983
2106
2205
2209
2280
2517
2505
2493
2534
2540
2544
9381
9319
9527
9807
9770
9946
9983
9983
10034
10138
10172
10286
10263
10342
10414
10405
10441
10566
10489
10594
10521
10540
10613
10536
10435
5642
5856
7605
7557
10521
5852
7664
5901
5805
7676
5835
12543
12415
12479
11833
12638
12846
12752
11501
12819
13041
12910
11994
13110
13157
13016
13047
13156
13232
13133
13284
13237
13266
13307
13379
13430
13386
13529
13520
13484
13471
13628
13597
13681
13685
12133
12252
12076
11776
11955
12513
12494
12481
12230
11593
11663
9469
13714
9363
9398
11697
11781
9488
9502
9424
13592
14201
13904
14400
14201
14659
14463
14728
15022
14593
14801
15079
15127
14884
15278
12757
12627
12359
13018
12705
12205
15270
12274
12465
11891
12589
12897
12731
16403
13232
16323
12739
12784
16364
12756
12736
12950
16302
12833
12779
14106
12782
16399
13764
13344
13456
16337
15365
15294
15277
15121
14980
18988
18978
14933
14651
14556
14634
14728
19136
14621
19157
14681
14234
13918
19990
19955
20061
20252
20047
20230
20234
20308
20341
20338
20323
20399
20373
20308
19777
19673
15388
15200
19561
15206
15234
19635
15219
19470
19549
15136
19452
19214
19249
15210
15254
19055
15098
14957
