1285
1332
1399
1426
1435
1480
1480
1481
1519
1532
1511
5830
5831
5971
5998
6019
6063
6069
6021
6070
6044
6082
6120
6088
6118
6146
6142
6180
6214
6178
6280
6279
6373
6365
6349
6355
3729
3884
4231
4214
6390
3904
4275
3956
3850
4305
3892
9654
9632
9661
6798
9725
8779
9993
6547
9842
10354
9841
6810
10132
10376
10091
10160
8827
10269
10266
10377
10259
10411
10370
10499
10476
10398
10552
10686
10443
10536
10676
10615
10624
10854
7094
7091
6877
6648
6652
7247
7196
7171
7016
6815
7982
7380
5889
7307
7347
8028
8237
7445
7443
7376
7226
7451
7279
7523
7279
7601
7346
7641
7733
7394
7644
6245
7732
7695
8456
6750
8145
7902
6355
8172
7869
8585
7948
8008
6266
8148
6196
9729
9761
5951
11248
9706
9890
11298
9752
9897
5813
11260
5703
9937
6979
5532
8594
6287
5803
5919
8330
7309
7164
7206
6964
6793
12806
12780
6524
10470
10500
8660
10531
12887
10485
12841
10527
6129
5543
12938
12928
12918
12978
12935
12951
12932
12904
12966
12894
12857
12835
12823
12815
12527
12416
10456
10406
12161
10284
10295
12153
10261
11924
12211
10253
12077
11846
11667
8315
10131
11557
10080
9949
