1340
1394
1408
1454
1538
3763
3207
3198
3797
3273
3801
9629
9517
9730
9981
9888
9080
10101
10509
10542
10515
10670
10641
10597
10664
10718
10725
10733
10812
10762
10843
10807
10868
10871
10878
10880
5503
6509
8234
8239
10911
5702
8175
6556
5630
8205
6502
13477
13384
13459
11640
13517
13548
13680
11696
13665
13783
13717
12033
13954
13795
13871
13962
14074
12564
14098
14164
13846
13875
14188
14238
12438
13995
13959
14126
14036
14155
14182
12503
14198
14302
11709
11703
11492
11249
9726
11994
11844
11805
11645
11647
10425
9895
13865
9837
9869
11667
11713
9923
9934
9872
14207
14471
14420
14807
12890
14882
14828
14997
15009
14964
15065
15026
14964
15022
15188
13176
11222
12651
12114
13051
12755
15285
12760
12863
12251
13176
11824
11991
15918
11859
15909
12141
12176
15939
12201
12144
11797
15914
11739
12176
13178
11828
16389
12603
10104
12267
16262
14517
14318
12022
13631
13326
17498
17528
13173
13055
13032
13049
13066
17506
13000
17587
13073
12630
12318
18038
18042
18046
18188
18062
18167
18131
18154
18185
18469
18401
18201
18306
18149
17279
17199
13304
13245
17139
13201
13213
17116
13166
14427
16868
13139
17017
14328
16283
13093
13097
16063
11640
12853
