830
831
604
1247
1054
1288
1317
1311
1127
2310
2018
2077
2040
2083
2087
1926
2084
1948
1927
1972
1958
1953
1981
1920
1962
1932
1907
1817
2014
1820
1815
1779
1853
1811
2421
2402
2496
2492
2516
1806
2442
2552
777
2045
2528
1102
4063
4080
4055
4078
4061
4029
4072
4068
3148
4087
4083
4051
4083
4088
4077
4079
4090
4082
4124
4075
4116
4097
3190
4083
4109
601
615
4017
3896
4104
3951
3972
3931
3827
1173
4127
3937
3941
1173
5340
2823
2698
2789
2734
2618
4698
3639
5374
5413
3611
5394
4736
1266
4770
4740
1278
4620
4655
5459
5434
4601
4639
5491
5422
4687
1368
1374
4374
1485
1481
1526
1538
1545
1079
1561
1578
1561
5530
5520
1576
5411
5411
1574
5381
4794
1542
4724
4782
1515
4722
1483
1492
4661
4575
4490
4478
4377
1171
1190
1147
1059
952
892
779
