1384
1778
1824
2330
2325
1917
2349
2373
2361
4891
8593
8736
7761
8650
8785
8332
8709
8331
8351
8380
8378
8387
8452
8388
8431
8449
8487
8419
8615
7434
8481
8369
7509
8477
5239
5127
4110
4088
4128
8286
5346
4212
3594
4165
4171
3732
11198
10016
11527
11333
10271
10337
11569
11559
11614
11612
11600
11607
11600
11701
11729
10398
11667
11613
11785
11654
11781
11718
11695
11722
11826
6174
6374
10271
7501
10378
6445
7583
7537
10344
5416
10412
7541
6428
5473
13340
7536
7204
7170
6043
5551
8736
8742
13331
13381
8808
13349
8807
6556
8846
8820
6626
9040
9036
14797
14814
9050
7647
14848
14788
9116
5809
7497
8730
7788
6038
7719
7583
5726
7449
7435
7407
7375
15355
15334
7398
15295
15239
7378
15207
14327
7364
14391
14076
7298
13831
7106
7108
13750
13635
13454
13401
13250
6611
6543
6506
6379
6248
6155
5995
