1992
1996
1726
1000
783
1015
1051
1042
1044
3530
5484
5535
5575
5499
5562
5246
5545
5265
5310
5311
4532
5288
5352
5233
5320
5329
5327
5077
5471
5146
5188
5120
5150
5156
3860
3690
2289
2276
2310
5128
3900
2372
3517
2315
2335
3568
5049
5077
5204
5095
5205
5226
5242
5254
5236
5281
5259
5309
4274
5351
5384
5290
5303
5339
5439
5302
5473
5405
5425
5398
5477
4407
5581
7118
3984
7180
4051
4094
4018
7152
4521
7218
4023
4019
5633
9181
5097
4991
5080
5023
3816
5535
5046
9191
9261
5603
9247
5250
7971
5614
5614
8145
6426
6438
10913
10871
6468
6522
11364
11448
6484
9517
7799
6451
10587
10665
11447
11568
11596
11631
11641
11667
11696
13052
12178
11547
13031
12987
11530
13531
13048
11500
12879
10710
11462
12929
11398
11375
12879
12875
12814
10521
12704
10887
8653
10791
10336
10174
10032
8718
