65
86
63
89
127
100
88
66
101
104
105
86
95
115
102
71
76
77
73
101
81
98
105
79
81
74
81
93
96
120
117
125
88
72
94
75
93
99
105
116
80
95
291
75
82
259
124
84
104
105
98
67
93
107
91
89
97
80
114
123
102
96
85
102
69
112
102
106
101
109
107
235
200
142
153
125
124
92
106
120
292
126
99
142
265
157
191
212
195
276
250
184
131
148
188
178
134
152
271
210
129
346
144
234
185
189
228
255
191
174
192
356
268
177
223
259
208
226
206
246
216
226
226
215
265
246
244
255
220
154
196
241
165
233
283
231
251
211
210
209
211
203
209
257
269
284
281
356
318
405
