88
102
91
116
76
134
143
147
132
129
121
97
96
151
115
122
120
88
101
99
112
108
91
102
110
72
114
122
123
119
117
127
123
102
103
118
205
136
125
141
111
136
114
121
131
127
144
144
142
151
135
129
116
153
147
113
134
134
159
113
140
152
152
136
112
118
146
152
127
151
166
145
136
129
146
119
123
139
108
175
131
164
160
155
171
153
167
154
151
176
136
104
111
218
161
136
141
111
113
143
125
187
141
193
188
173
176
167
180
148
200
203
156
185
212
169
298
273
198
167
238
271
174
272
227
255
353
192
161
184
264
189
174
170
233
203
188
203
205
242
189
229
238
254
255
291
285
221
239
245
266
203
310
235
274
269
251
264
273
212
252
207
215
224
291
289
246
264
193
243
243
274
257
204
244
244
223
230
213
219
270
253
198
285
267
208
268
248
226
224
240
287
243
272
269
313
196
255
309
264
