2040
2099
2188
2335
1395
1402
1436
1466
1502
1523
7728
7844
7898
7980
8035
8313
8302
8351
8413
5888
8379
8259
8372
8254
8240
8121
8251
8180
8257
8181
8096
6448
5762
6474
5357
5419
8026
5374
6510
8121
4826
5408
5470
3911
8811
10342
8853
10291
10262
8825
10212
10413
10462
10533
8831
10697
10569
8851
7592
10428
7784
10652
10486
10809
10636
10761
10562
10843
10690
10872
10618
10851
10664
10716
10847
10750
10750
10793
10803
10791
9451
9297
6939
6776
6787
6552
6363
6572
6163
6467
6222
6357
8861
7624
7603
8823
8988
8969
10202
9011
10167
9603
9038
9110
9732
8931
9818
9145
10006
9218
10114
9643
10279
10157
6616
7133
10546
7396
7332
6908
7282
10477
7017
7179
3869
4990
12592
10856
12607
10648
10389
10458
12650
10734
12647
10857
10683
6071
5907
5908
5757
7024
5861
10602
6449
10186
8212
8164
8073
8000
7877
7852
14082
7526
7324
14116
11620
7122
14115
11839
11721
14125
6535
11899
11881
11682
14947
10179
14936
15102
14926
15056
15079
14919
9970
14917
14815
14882
14747
9582
12709
14449
14178
12151
13735
12434
12601
13934
12312
14138
13982
12341
13549
13818
13679
12042
12128
13420
12068
11939
