1139
1240
838
891
873
898
897
937
1703
3584
3723
3738
3785
3801
3834
3853
3783
3794
3676
3817
3673
3701
2074
3709
3616
3675
3655
3647
3609
3672
3620
3632
2896
2864
2865
3490
3040
3048
3624
1607
2910
3585
2085
3090
2891
2127
3653
3673
3650
3669
3653
3660
3662
3669
3666
3693
3710
3688
1864
3697
3734
3710
3707
3713
3743
3733
3679
3746
3681
3751
3779
2300
2263
3627
4612
2724
3831
3621
4640
4625
3796
3636
4064
3841
4110
5605
5625
1493
1664
1613
1551
1570
3871
3568
5666
5644
3881
3882
3910
5114
3755
5118
6103
6128
1537
6586
3503
3759
3930
3833
3817
6498
6157
5947
6836
6815
7210
7102
7015
7012
6987
6867
2730
7776
7079
6812
7772
7798
6543
8409
7915
6376
8550
7927
6343
9345
6304
8397
9152
9074
9035
8892
6034
5980
2299
5945
5930
5867
2193
5704
