294
303
275
326
1378
1378
1412
1434
1437
1500
2741
2781
2863
2957
2904
2986
2938
3090
3115
3123
3170
3129
3196
3170
3229
3206
3147
3122
3211
3162
3230
3833
3325
3867
3065
4621
3290
4613
4062
3342
4268
4610
4671
4727
2931
9106
8275
8993
9007
2994
9026
9255
9234
9237
3033
9308
9343
3035
6611
9292
9408
9375
9370
9518
9403
9488
9509
9620
9511
9681
9490
9694
6613
9720
9678
9711
9580
9798
9686
9808
4235
4142
4033
3943
3887
3714
3772
3910
3560
3773
3735
3875
3082
7772
7855
8391
8410
8400
7847
8475
7602
3150
6111
3416
3504
3355
3593
3490
3768
3531
3812
3672
3853
3890
5510
8854
4336
5892
9099
8837
9085
4326
8937
9027
8638
2546
11358
8208
11365
8154
4412
11592
11364
11619
11376
8237
11607
3125
2994
3057
2907
3606
3082
4472
3267
4241
3927
3874
3843
3759
3655
3570
11995
3458
3191
12015
11782
3024
11999
11963
12005
12009
2436
12002
11946
11927
12081
12102
12095
12100
12079
12055
12094
11961
11966
11948
11689
11854
11848
10817
12089
7280
10718
11849
10530
11811
11859
10601
11826
10821
10716
11851
10478
10648
10454
11660
11680
10439
11644
11603
