930
964
1002
451
1379
1380
1426
1459
1481
1528
8744
8839
8909
6587
9031
9378
9330
9428
9578
9401
7192
9531
9634
7057
9688
9611
9693
9590
9459
9490
9531
5781
9665
5829
3831
5234
9579
5194
5890
9631
5930
5197
5269
5341
9530
12464
9170
12455
12422
9640
12416
12490
9574
12469
9711
12807
12530
9803
12567
12465
12877
9603
12524
12928
12555
12789
12758
12921
12689
13007
12814
12971
12719
9773
12959
12898
12738
12936
12617
12742
11147
10938
7792
7448
7704
7209
7238
7612
6888
7320
6993
7143
10545
8121
10571
9225
9223
9218
10605
9280
10514
11036
9320
10741
11398
11043
11721
11358
11737
11245
11752
11382
11692
11641
7210
7586
11767
8256
8192
7514
8091
11633
7567
7849
7406
6135
14220
11132
14210
11126
11781
10974
14251
7751
14259
11145
11137
7171
7482
3257
6551
8354
7358
11785
3833
11000
9420
9311
9288
9115
8969
8948
15286
8601
8292
15396
11624
8133
15304
11756
11767
15314
7608
11686
11747
11781
15990
15950
15985
16022
15958
16083
15964
16056
15925
16031
15973
11216
15956
15475
12281
15411
14948
10869
14371
12028
12078
14646
12008
15285
14955
12020
14291
14691
14463
7545
9680
14161
11899
11810
