1663
1733
801
814
815
815
823
851
2271
6674
6876
6925
7042
7097
7163
5285
7079
7208
7093
7123
7114
7150
5265
7173
7109
5254
7154
7032
6943
7063
6895
7024
2878
2837
2841
6895
3817
3781
6932
2878
2897
6895
4054
3957
2892
4158
7425
7544
7426
7446
7580
7565
7602
7607
7601
7619
7598
7625
7644
5373
5348
7697
7678
7663
7666
7702
7661
7710
7659
7759
7802
5977
5974
4549
7576
7535
4844
4605
7600
7635
4782
4657
6462
4841
6530
7921
10976
4359
4473
4472
1993
4394
5883
5833
11150
11099
5900
5923
5915
8364
5810
8399
12404
12405
5975
12545
2750
5730
6096
5939
5972
12484
9314
9160
9961
10037
10220
5580
10113
10105
5423
9688
9649
13461
13458
5162
13468
13510
9562
14448
14476
9365
14338
14305
9323
14279
8702
14053
13862
13751
13684
13542
8327
7955
7966
7899
7830
7683
7679
7553
