2537
2637
2813
2979
3380
2614
3455
3497
3537
3606
14326
14499
14758
15208
15221
15696
15564
15948
16108
15928
16282
16122
16294
16166
16305
16168
16326
16172
16353
16178
16117
8416
16428
8367
9248
9440
16013
9402
10398
16263
10430
9392
9499
9631
16674
21096
15818
21109
21083
16934
21041
21264
21390
21373
17148
21505
21525
17287
21445
18064
18376
21545
21428
21657
21587
21664
21609
18380
21653
18393
21603
18390
18027
21798
21675
18352
21408
21578
21332
21460
19950
19741
12726
12535
12507
8694
11981
12370
10999
11692
11179
11503
18595
17714
14844
15778
13385
16171
17803
16053
14941
15092
13465
18935
15692
19013
19715
19486
19867
19369
19798
19642
19719
19694
12576
14041
15858
14887
14749
13279
14294
19719
13565
14195
13217
10012
22414
18081
18691
17897
19563
17857
22401
18066
22453
18069
17894
10974
11683
10220
9671
12494
7302
19542
11670
18731
13980
13683
13662
13327
12635
12477
23125
12153
11795
23293
14068
11582
23187
18338
18190
23200
10667
18176
18355
18174
23330
23323
23338
23351
23331
23278
23314
23231
23277
23216
23094
23152
23087
22208
18102
22025
21734
17848
20883
17832
17826
21207
17809
21852
21723
17743
20662
21262
21206
17464
17430
20569
13426
17061
