1401
1496
658
662
672
670
689
681
3232
6278
6491
6544
6583
4820
4916
4893
6574
6600
6587
6612
6570
6616
6578
6594
6483
6592
6537
6414
6413
6454
6326
6378
2074
2023
2036
6104
3315
3316
6358
2056
2100
6243
2973
3410
2100
3122
4026
6148
6152
6181
6156
6122
6158
6147
6136
6180
6189
6165
6147
6183
6164
6204
6201
6171
6079
6190
6161
3995
6151
6243
6248
4105
4035
3942
4544
6723
3980
3946
6755
6772
3935
3927
5988
3973
6047
8753
8659
2307
2559
2368
2105
2211
4310
4250
5943
8792
4447
4427
4466
7117
4231
7129
9352
9336
4220
9342
3948
3998
4287
4220
4195
9413
7812
7711
8006
4120
8010
7991
7950
7860
3932
7778
7668
10036
10047
7605
10027
10039
7351
10103
9966
6716
9886
9888
6597
9795
6438
9651
9506
9442
9393
9296
5567
5444
5168
5077
5014
4888
4867
4787
