508
546
447
110
444
439
433
426
2461
4058
4191
4225
4276
4290
4363
4342
4552
4381
4601
4594
4649
4652
4682
4674
4645
2903
4685
4605
4613
4654
4577
4612
751
741
744
2796
2678
2649
2871
744
745
4585
1454
2756
764
1378
4116
4199
3985
4000
4244
4280
4122
4289
4279
4169
4305
4285
4281
4240
4304
4308
2265
4277
4288
4281
4275
4320
4267
4306
4306
3480
3465
1684
3638
3640
1721
1690
3645
3667
1664
1696
3368
1707
3245
4295
4305
1456
1582
1438
1345
1366
2004
1951
4316
4305
1989
2011
2026
3721
1944
3717
4376
4364
2029
4346
1988
1960
2085
1888
1999
4411
3789
3789
3871
3790
3848
3749
3748
3742
3731
3543
3527
4396
4406
3526
4337
4269
3487
3912
3864
3460
3834
3852
3402
3847
3370
3800
3717
1733
3657
3621
3168
3101
3117
2585
2524
2416
2330
1691
