1784
1844
910
923
923
926
935
960
3107
6790
6988
7042
7155
7212
7275
6399
7191
7320
7210
7242
7236
7266
6380
7285
7222
6388
7266
7144
7053
7177
7004
7133
2986
2948
2953
7003
3928
3893
7042
2988
3006
7010
4171
4067
3000
4270
7539
7659
7540
7560
7694
7684
7716
7728
7718
7736
7723
7744
7758
6707
6703
7810
7793
7777
7779
7821
7783
7823
7778
7871
7920
6084
6088
4658
7684
7643
4954
4714
7706
7746
4905
4765
6571
4949
6643
9640
11083
4501
4656
4611
3409
4520
5991
5945
11257
11210
6008
6032
6026
8476
5925
8511
12512
12540
6092
12650
4454
5918
6211
6070
6087
12591
9426
9271
10073
10151
10335
8112
10225
10216
7996
9799
9761
13567
13563
7634
13578
13618
9679
14570
14589
9475
14452
14430
9431
14401
8816
14169
13980
13877
13802
13679
8434
8062
8081
8008
7942
7831
7793
7669
