2210
2266
2353
2500
1559
1570
1598
1628
1669
1686
7892
8008
8061
8142
8202
8477
8466
8514
8575
7322
8542
8423
8535
8416
8403
8295
8417
8348
8418
8342
8259
6609
7208
6636
5519
5584
8190
5537
6673
8282
5894
5570
5636
4925
8977
10514
9014
10461
10428
8989
10385
10576
10637
10706
8995
10862
10735
9018
9298
10599
9539
10821
10655
10972
10799
10923
10725
11009
10860
11033
10778
11017
10832
10883
11009
10917
10913
10961
10964
10954
9612
9459
7108
6937
6950
6720
6531
6734
6333
6630
6396
6520
9024
9132
9124
9041
9150
9131
10363
9172
10331
9769
9201
9274
9896
9105
9981
9313
10169
9385
10277
9808
10450
10322
6897
7321
10712
7567
7501
7093
7448
10645
7188
7348
5569
5166
12756
11019
12769
10811
10554
10620
12811
10898
12812
11020
10854
6251
6094
6096
5943
7187
6034
10765
6616
10358
8379
8331
8239
8167
8047
8018
14244
7700
7500
14278
11775
7299
14277
12004
11881
14293
6708
12063
12044
11842
15110
12876
15100
15263
15087
15228
15246
15083
12782
15080
14978
15047
14951
12361
12870
14616
14338
12479
13897
12588
12755
14102
12467
14298
14143
12497
13716
13982
13844
12200
12289
13596
12229
12102
