1590
1665
820
831
834
838
852
847
3392
6451
6659
6711
6751
5930
6007
5996
6745
6771
6757
6779
6740
6783
6746
6765
6659
6760
6706
6588
6581
6623
6491
6546
2239
2193
2206
6273
3480
3482
6530
2220
2263
6408
3144
3572
2276
3294
5327
6315
6325
6351
6326
6296
6330
6321
6308
6351
6355
6336
6314
6353
6337
6374
6368
6340
6246
6355
6332
5345
6324
6413
6416
4271
4198
4106
5867
6885
4144
4110
6916
6936
4110
4090
6156
4136
6219
8913
8823
2534
2760
2635
2360
2430
4475
4415
7633
8956
4609
4596
4630
7286
4394
7298
9514
9497
4401
9501
4149
4232
4469
4386
4370
9575
7984
7885
8181
6339
8182
8165
8121
8029
6168
7947
7836
10197
10207
7777
10191
10200
7520
10277
10134
6884
10057
10063
6771
9965
6609
9839
9700
9633
9577
9472
5768
5616
5340
5248
5184
5081
5044
4959
