1390
1472
1066
1112
1093
1121
1122
1167
2599
3808
3944
3972
4006
4025
4058
4077
4006
4020
3901
4042
3900
3930
3160
3930
3854
3909
3890
3873
3847
3894
3843
3866
3117
3089
3092
3740
3260
3269
3854
2509
3131
3811
2314
3308
3122
2359
3879
3906
3886
3901
3884
3896
3895
3905
3900
3923
3934
3918
3058
3937
3960
3935
3949
3940
3967
3958
3915
3972
3915
3979
4000
2534
2493
3848
4827
3939
4054
3845
4854
4844
4031
3856
4292
4061
4337
5818
5840
1780
1959
1889
1830
1863
4097
3928
5883
5864
4105
4107
4133
5339
3974
5349
6318
6344
2982
6799
3730
3978
4153
4054
4042
6713
6382
6180
7065
7049
7439
7327
7245
7240
7218
7094
5135
7991
7295
7043
7994
8015
6766
8640
8140
6599
8772
8160
6578
9571
6541
8635
9396
9320
9279
9142
6273
6221
4512
6185
6158
6097
4367
5980
