2777
2870
3037
3203
3602
3279
3671
3713
3759
3823
14545
14717
14979
15425
15443
15916
15784
16166
16326
16148
16500
16341
16512
16383
16524
16392
16546
16396
16569
16393
16335
9630
16644
9631
9465
9659
16233
9618
10613
16490
10656
9609
9719
9851
16903
21325
16035
21336
21310
17154
21265
21488
21622
21603
17367
21733
21749
17516
21672
20043
20325
21775
21651
21879
21812
21882
21829
20379
21883
20420
21835
20433
20014
22025
21896
20367
21630
21810
21558
21682
20168
19955
12950
12748
12728
10701
12193
12592
11245
11907
11412
11722
18820
17937
16610
15998
15111
16391
18015
16267
16653
17345
15185
19160
17919
19240
19934
19711
20085
19597
20016
19862
19958
19914
12961
14258
18191
15109
14971
13496
14513
19946
13782
14418
13436
10227
22629
18301
20878
18117
19784
18071
22613
18285
22669
18288
18119
11199
11950
10429
9889
12720
9444
19760
11884
18959
14208
13911
13883
13547
12853
12699
23340
12371
12019
23506
16319
11798
23402
18555
18403
23421
10888
18396
18573
18388
23544
23540
23553
23564
23543
23504
23534
23449
23495
23432
23312
23371
23319
22433
18316
22249
21949
18062
21101
18040
18035
21426
18020
22073
21953
17952
20893
21491
21426
17677
17639
20796
15710
17275
