1051
1081
1123
892
1491
1501
1534
1568
1592
1637
8854
8949
9019
7942
9144
9488
9439
9537
9688
9511
8607
9642
9744
8506
9798
9720
9805
9704
9614
9598
9641
5886
9771
5935
4634
5347
9688
5304
5997
9743
6036
5305
5381
5450
9639
12575
9278
12571
12535
9749
12528
12599
11291
12580
9824
12915
12641
9917
12679
12578
12986
11355
12632
13037
12663
12899
12866
13029
12798
13115
12921
13081
12832
11565
13069
13018
12850
13050
12732
12855
11249
11041
7906
7559
7810
7319
7342
7719
7001
7425
7103
7254
10655
9506
10678
9338
9331
9327
10710
9387
10622
11148
9427
10851
11508
11155
11830
11472
11846
11356
11861
11493
11805
11751
7377
7732
11877
8362
8297
7634
8201
11749
7692
7984
7529
6252
14327
11239
14316
11233
11892
11079
14356
9670
14366
11252
11253
7281
7591
5319
6657
8458
7478
11895
5992
11194
9531
9420
9398
9220
9075
9052
15392
8718
8401
15502
11729
8239
15410
11866
11872
15419
7726
11830
11852
11886
16097
16055
16093
16127
16063
16201
16075
16169
16039
16146
16083
13887
16079
15589
12386
15542
15061
11595
14518
12131
12181
14755
12114
15399
15071
12127
14411
14810
14573
9956
10981
14289
12007
11913
