357
366
361
395
1432
1435
1465
1487
1493
1554
2798
2836
2918
3011
2964
3041
2993
3145
3170
3178
3224
3184
3253
3224
3284
3260
3204
3178
3264
3215
3285
3885
3378
3919
3903
4675
3344
4666
4115
3395
4321
4663
4729
4781
2986
9160
8328
9048
9060
3048
9079
9308
9292
9293
3089
9361
9401
3095
8108
9346
9461
9438
9423
9573
9456
9541
9562
9673
9565
9734
9543
9751
8186
9773
9737
9770
9634
9863
9742
9863
4289
4199
4086
4003
3940
3773
3823
3965
3632
3887
3792
3932
3139
7825
7909
8450
8464
8454
7899
8528
7655
3206
7458
3473
3559
3413
3648
3550
3823
3589
3869
3730
3913
3946
7197
8974
4393
7684
9162
8904
9139
4388
8997
9084
8693
2660
11410
10064
11418
10041
4468
11644
11416
11673
11428
10084
11667
3212
3075
3156
3043
3665
3159
4527
3331
4334
3985
3935
3901
3822
3721
3632
12047
3522
3247
12067
11836
3082
12052
12016
12057
12061
2525
12055
11997
11979
12135
12154
12149
12152
12131
12112
12149
12023
12026
12004
11749
11928
11907
10890
12140
9235
10781
11901
10596
11863
11911
10670
11878
10881
10777
11905
10541
10709
10562
11714
11733
10509
11700
11655
