2001
2043
2163
2252
2334
2326
2360
2382
2424
2447
8477
8612
8716
8955
8947
9323
9231
9469
9585
9474
9598
9584
9659
9650
9717
9659
9798
9761
9845
9797
9830
7213
9972
7219
5340
5390
9885
5369
7181
9965
7225
5453
5444
5554
11053
11996
8556
11892
11851
11310
11788
12102
12206
12178
11446
12381
12309
11646
12285
12140
12467
12398
12291
12534
12411
12531
12574
12633
12518
12750
12755
12774
12754
12770
12779
12862
12836
12868
12905
12871
12830
12818
12181
12089
12203
11931
11902
12150
11564
12002
11728
11911
12991
10875
10953
8651
8730
8687
10991
8739
10872
13485
8806
13316
13902
13578
14139
13923
14345
14072
14534
14379
14633
14640
11354
11825
14917
12090
11963
11598
11919
14957
11625
11886
11577
11361
15257
11857
15295
11840
15503
11813
15396
11858
15435
11880
11876
12685
12811
12505
12337
13735
12903
15903
13333
15575
14756
14630
14605
14482
14303
14216
17658
14023
13665
17910
13383
13419
17810
13560
13566
17916
12678
13554
13556
13494
18695
18658
18741
18909
18730
18913
18854
18909
18825
18842
18933
18932
18793
18458
14115
18416
18267
13929
17971
13873
14017
18079
13794
18195
18014
13841
17768
17841
17669
13703
13867
17553
13715
13539
