576
601
501
339
498
494
488
481
2514
4114
4249
4281
4330
4350
4422
4404
4606
4435
4655
4648
4704
4707
4736
4728
4699
3908
4743
4664
4669
4710
4640
4666
805
796
798
3795
2731
2707
3868
800
806
4642
2150
2810
819
2119
4171
4259
4040
4088
4300
4336
4177
4350
4335
4224
4361
4340
4336
4295
4359
4363
3404
4335
4344
4336
4331
4377
4328
4365
4361
3537
3522
1739
3692
3695
1776
1744
3698
3723
1732
1749
3422
1761
3306
4348
4359
1525
1637
1514
1428
1423
2058
2014
4371
4359
2043
2066
2080
3779
2003
3775
4429
4416
2088
4398
2050
2024
2146
2017
2062
4466
3844
3843
3929
3848
3902
3805
3802
3798
3788
3598
3581
4449
4459
3580
4397
4331
3544
3982
3926
3519
3896
3913
3467
3907
3426
3867
3803
2856
3738
3709
3227
3171
3175
2644
2584
2478
2386
1755
