2168
2289
1554
1557
1544
1568
1561
1629
4441
5648
5758
5873
5845
5886
5947
5952
5971
5945
5951
5974
5912
5984
5983
5982
5946
5985
6017
6001
6016
6033
5962
6004
3704
3660
3619
5882
4741
4689
6001
3688
3723
5906
3654
4860
3718
3768
7054
7099
7045
7059
7154
7115
7106
7227
7221
7223
7276
7253
7242
7256
7282
7250
7347
7241
7330
7345
7278
7346
7271
7404
7424
5567
5517
5967
7617
7629
6052
5971
7775
7812
6034
5981
6267
6057
6281
10265
10232
5980
6177
6137
5978
6090
7618
7567
10543
10477
7671
7682
7647
8253
7490
8215
12137
12337
8533
12587
8343
8412
8711
8617
8542
12536
9652
9513
10536
10480
10648
10630
10570
10533
10472
10384
10352
13240
13116
10365
13290
13194
10248
13413
13118
10147
13468
13173
10051
13558
9856
13198
13467
13270
13291
13221
9486
9145
8884
8324
8024
7633
7176
6801
