85
98
126
139
113
150
124
125
133
130
100
93
92
115
93
112
100
84
93
103
113
83
100
103
95
133
95
125
98
115
133
116
130
135
148
181
114
180
165
104
147
110
157
114
161
115
160
120
123
142
147
108
130
131
141
130
127
123
122
133
141
158
146
112
134
103
112
148
153
125
126
119
157
145
124
149
146
150
130
148
174
136
178
151
131
150
181
181
142
153
164
150
166
124
128
138
106
139
137
137
145
173
131
145
172
189
202
179
210
171
179
167
176
170
237
245
219
256
267
250
231
188
258
220
244
188
189
168
179
162
206
167
184
194
188
156
166
220
278
229
223
254
226
179
229
219
199
227
216
221
214
244
221
200
225
215
214
241
211
236
214
245
235
240
233
207
200
222
194
220
176
211
208
213
190
198
213
188
225
194
248
195
241
185
225
228
220
225
219
205
196
244
255
218
259
202
197
189
260
248
