100
62
87
77
101
86
86
112
78
87
86
70
83
44
61
97
69
52
59
80
101
82
60
63
75
84
65
69
69
110
98
60
84
66
149
99
95
101
113
80
114
119
318
77
124
294
97
107
79
124
102
107
114
108
92
106
75
70
74
86
83
115
64
107
129
80
76
107
90
96
103
214
216
120
137
122
139
132
115
132
133
121
262
106
260
177
186
244
283
244
248
224
157
153
174
172
144
140
196
257
169
313
175
207
232
147
236
264
187
196
247
192
240
322
202
245
212
185
223
203
249
206
215
225
225
169
266
236
202
191
216
214
191
250
201
193
242
258
192
180
199
207
208
192
252
259
242
294
316
333
