853
873
899
961
1031
1080
1081
1096
1698
5950
5977
6017
6053
6059
6190
6226
6325
4384
6385
6469
4624
6467
6535
6445
6538
6218
6562
6189
4641
6117
6278
4329
5934
5540
4266
5791
2965
6211
5600
6173
2969
5789
4381
1960
4482
1930
9530
9673
7216
9538
7275
9607
9649
9704
9669
9596
9603
9685
9667
9617
9606
9652
9659
9682
9678
9640
9720
9735
9748
9721
9797
5190
5254
9009
7390
5130
7374
9106
4648
7422
7463
9173
9331
7475
4620
5784
6020
5837
5949
3227
9348
6231
12265
12258
9325
5572
9270
9388
12320
9404
12294
5572
13418
10076
6366
13466
9977
13480
13424
10004
9676
6257
6263
9982
13856
13865
6696
6720
7051
7045
7074
3321
7045
6736
6716
6698
13831
13776
6554
12903
12832
6514
12747
12901
6473
12764
6416
6428
12491
12606
12387
12511
8103
6076
6034
5388
5361
5257
5143
4075
