2752
2494
2574
3034
1881
1054
1064
1069
1090
1083
1554
11171
11242
11386
11621
11664
11814
11749
11974
11842
11792
12219
11853
12096
11925
12195
12007
12187
12067
12259
12043
12340
11906
12375
2781
2757
2782
5419
5516
12467
2864
5523
2807
5591
2927
14209
13064
12974
12877
10961
11304
13235
12777
15053
13250
13084
13355
13160
14968
13307
13389
13370
13207
10435
13294
13509
13441
12912
13117
13526
12440
13372
12743
13529
13099
13354
13544
10224
12675
13243
13396
16274
16437
13473
13417
13225
12708
13306
13712
12935
12415
12789
10969
6409
6410
11060
6397
6454
6473
11124
6477
13008
13649
13648
17384
17312
18061
17396
18193
17526
18208
17983
14534
18286
18395
14378
15568
7888
8205
8304
8310
7882
7940
7985
7317
7867
18484
11899
9509
15824
9572
15629
9620
18733
15705
9532
9556
13503
9641
18420
12636
12834
14168
13228
16616
12541
16318
16623
15904
15969
15152
15258
14646
15090
13777
11890
13793
11903
11903
18542
7552
11906
11920
18623
18643
11956
19142
14196
19223
19238
19234
19204
19210
19172
19227
19251
19150
19244
19141
19177
12508
18997
18722
12239
18889
12396
12522
18958
12360
18706
18680
12468
13790
18618
13571
12149
12365
18280
12382
12326
