710
708
769
1116
1137
1147
1154
423
1696
5278
5266
5233
5163
5157
5380
5337
5343
3475
5408
5451
5474
5480
5516
5503
5491
3558
5531
5502
5554
5506
5552
2114
5389
3210
2081
3241
2173
5522
3235
5526
2177
3308
2172
1552
2223
3207
6168
6185
3815
6133
6207
6224
6180
6217
6236
6253
6241
6220
6279
6293
6352
3867
6306
6336
6389
6276
6340
6341
6396
6467
6452
2879
5350
4774
3867
3842
3859
5062
4068
3842
3876
5488
5192
3860
4018
4257
4580
4449
2132
4233
4759
4773
8040
7617
4713
4854
3154
4757
8067
4754
8045
4866
8896
2118
4896
8956
4890
8980
8944
4888
4693
5333
5342
4847
9362
9309
5810
5800
6005
5966
5912
5879
5878
5845
5837
5831
9423
9283
5692
9473
9462
2061
9256
9494
2069
9395
5548
5602
9294
9313
9225
9249
9180
5137
5128
4845
4847
4768
4707
4626
