1490
1497
1617
1104
1146
1167
658
1190
1930
7477
5584
7530
7598
7569
7858
7892
7732
5851
7780
7714
5744
7702
7804
7687
7779
7519
7786
7505
7769
7415
7577
2987
7218
3439
2934
3518
3081
7541
3467
7492
3070
3580
3075
3247
3163
3312
9213
9205
9221
6651
6767
9158
9176
9203
9191
9082
9103
9187
9179
6525
9108
9167
9167
9120
9105
9146
9193
9147
9208
9136
9214
4750
4840
7616
5972
5984
5960
7911
5889
6003
6031
8115
8128
6025
6000
4174
4425
4105
4366
4259
4589
7642
11566
11534
7557
7794
7589
7631
11942
7634
8491
7793
13110
4483
7524
12624
7450
13149
13156
7450
7193
8461
8467
7330
13894
13891
9185
9199
9539
9522
9503
5170
9506
9346
5100
9239
13937
13841
9037
14667
14639
8966
14603
14642
8920
14523
8205
4120
14384
14257
14223
14289
14100
7497
7458
7347
7342
7184
7173
6942
