1284
2084
2330
921
953
986
990
1007
1563
5508
7566
5505
7420
7223
7670
5481
7305
7339
7353
7384
7397
7165
7429
7409
7416
7369
7455
5150
7458
7254
7422
3157
6960
4240
3104
3007
3225
7376
4367
7264
3216
4497
3202
4011
3293
4054
9016
9058
9018
8986
9072
9010
9051
6385
6411
8888
8948
9087
9073
8862
8865
9058
9049
8933
8887
8981
9051
8988
8992
8928
9021
4458
4826
8168
5413
5423
5403
8372
5326
5414
5457
8439
8589
5457
5424
3805
3815
3667
3742
3779
3618
6654
11415
11391
6434
5845
6458
6667
11538
6531
11404
3251
12083
6986
3542
12107
6860
12127
12122
6880
6647
5928
5917
3526
12076
12092
5790
5794
5811
2976
5591
5595
5604
5604
5555
5590
12114
12018
5555
11218
11002
5350
10867
11302
5141
10939
4926
4899
10579
10626
10284
10496
10355
4567
4558
4384
4334
4245
4162
3992
