1639
1629
1719
1693
1886
1147
1155
1197
1213
1201
1617
6238
6237
6280
6409
6530
6494
6435
6544
6531
6548
6750
6593
6629
6613
6709
6615
6746
6636
6794
4345
6836
6407
6830
3684
3647
3662
4654
4694
6889
3747
3254
3676
4728
3799
7296
7586
7326
7332
5311
7032
7790
7301
7686
7778
5125
8010
7684
7641
7835
7889
7879
7987
7948
8156
7963
8144
8431
8232
7980
8355
8130
8733
8106
8460
8367
8259
8385
8563
8545
7964
7748
7851
7741
7842
7710
7526
7726
7977
7624
7400
7645
5378
6589
6599
7543
6564
6465
6628
7625
6632
7822
8415
8375
8339
8275
8904
8305
9091
8597
9237
9068
9361
9378
9401
10105
10123
7800
8091
8136
8074
7893
4926
7946
7099
4812
10213
6209
8821
7069
8316
10131
8520
10547
10145
8470
8670
8060
8683
10288
7761
7847
8243
7935
9448
8457
9226
9576
9200
9153
8834
8952
8631
4813
8329
7518
11799
9336
9348
11785
9262
9344
9332
11815
11797
9353
12294
12326
12303
12294
12363
7892
12334
12302
12237
12209
12177
12187
12141
12144
9802
12003
11993
9489
11845
9628
9517
11810
9451
11725
11795
9607
11714
11655
7198
9261
9411
11403
9357
9275
