974
957
1026
1043
1100
1779
1024
1793
1809
1802
2571
6755
6796
6944
7097
7242
7132
7303
7244
7340
7377
7533
7429
7616
7503
7646
7493
7683
7497
7741
7384
7753
7256
7791
3264
3214
3249
3548
3600
7766
3339
3592
3288
3662
3444
7606
9130
6388
9023
7118
5139
9202
8994
7785
9190
9160
6669
9142
7965
9264
9243
9259
9333
9326
9367
9304
9391
9398
9369
9361
9330
6639
6662
9395
9408
9426
9479
9497
9365
9469
9495
8926
9044
4998
4877
4726
4389
4566
4842
4340
3795
4187
7138
6913
6914
5028
6903
6941
6935
5095
6938
8213
8395
8396
8382
8324
8599
8218
8674
8311
8676
8627
8691
8637
8590
8683
9344
5793
6133
6246
6193
5610
5699
5802
4759
5638
8640
3459
8011
9380
7814
6421
8015
8578
9364
7990
8005
3627
8006
8155
3239
3384
1697
3821
5417
4308
5098
5452
4881
5030
4433
4751
4158
4537
4054
3320
9465
7643
8068
9470
7544
7893
7633
9486
9479
7780
9546
9556
9534
9517
9522
9536
9478
9455
9418
9192
9364
9170
9184
9108
7721
9015
8974
7524
8684
7560
7568
8490
7490
8529
8641
7535
8566
8421
8325
7288
7305
8167
7242
4623
2957
1024
2921
1922
1798
1024
1914
2904
2952
1904
2995
3149
1017
1171
2984
3003
1896
1805
3102
956
1130
1029
1775
3173
973
1831
1709
3208
2092
1789
3182
1099
2972
3175
3225
3193
2993
1713
3147
3229
1826
3199
3201
2983
1701
3242
3187
1706
1699
3225
1806
2983
1671
3139
1800
2984
1700
3106
3236
1785
3205
2059
3193
3179
1814
1786
2970
3139
1779
3129
1788
3111
1783
2004
3190
1667
3068
1768
3024
3044
1767
2954
1655
1665
3063
3019
3036
3122
1742
2985
2127
1650
3014
1644
1640
1991
1726
1644
2998
1745
3076
1711
1646
1640
1693
2885
2948
2962
3011
2948
1666
3049
1646
1617
1617
2812
2846
2954
1616
1647
1615
1612
1598
2944
2920
1577
1552
2412
3004
2952
2987
1615
2754
1605
2894
2945
1609
2301
2774
2740
1960
2099
2628
2652
1448
2910
2017
2872
1405
1883
886
1053
1525
2189
1006
2481
1815
2061
904
1457
1744
1232
729
1472
1481
1070
820
1407
2072
1944
714
1575
1124
1209
630
1951
1404
1517
1140
1747
1005
1371
1609
1760
905
1232
1313
1237
1197
768
0
1172
581
1196
611
949
897
762
676
586
