711
689
747
790
844
1263
1272
1288
1309
1314
2068
6445
6484
6586
6800
6990
6820
7080
6933
7065
7096
7258
7161
7308
7243
7281
7279
7347
7264
7426
7306
7451
7353
7490
3951
2633
3936
4616
4672
7499
4033
4698
3973
4876
4089
8042
10454
10096
10050
8539
8119
10626
9939
8551
10618
10520
10825
10568
8631
10808
10769
10723
10812
10818
10949
7908
10998
11030
11034
11023
10925
10991
11156
10980
11079
11076
11090
8325
11070
11222
11382
9573
9567
9709
9709
9661
9445
9808
9991
9689
9379
9680
8572
7443
7441
8671
7452
5398
7486
8721
7533
9842
10358
10454
10437
7039
10904
10599
11361
11049
11521
11293
11509
11595
11653
12186
13087
11029
11241
11289
11204
7938
7871
11061
10563
11000
8442
9496
10775
13330
10854
13113
10885
12803
13315
10814
10844
11034
10927
13096
10618
10670
11328
11057
12554
11579
12615
12861
8200
12616
12098
12231
11782
7598
11518
10282
16440
12993
12966
16508
12956
12972
12973
16520
16556
13030
18183
18051
18103
18214
18502
18477
18459
13324
18381
18510
18318
18417
18322
18322
9499
17872
17874
14073
17599
14041
14047
17372
14048
12423
17661
14296
17376
17242
17151
13927
14171
17037
9464
14080
