1804
1796
1886
1856
2055
1310
1321
1359
1378
1363
1779
6399
6400
6442
6572
6694
6664
6594
6707
6691
6708
6913
6752
6789
6772
6868
6775
6904
6798
6953
5650
6997
6569
6997
3847
3810
3833
4817
4857
7048
3909
4183
3839
4895
3963
7457
7751
7488
7498
6637
7196
7954
7465
7847
7940
6609
8174
7848
7802
7999
8050
8044
8149
8110
8326
8126
8309
8594
8400
8149
8521
8302
8900
8274
8628
8527
8425
8549
8729
8716
8478
7927
8012
7930
8002
7917
7689
7888
8139
7785
7567
7804
6673
6752
6762
7707
6728
6628
6794
7790
6794
7983
8583
8539
8506
8441
9065
8473
9253
8763
9399
9231
9523
9540
9562
10269
10287
7964
8257
8300
8242
8062
6702
8114
7303
6532
10377
6716
8984
8874
8497
10298
8684
10717
10310
8633
8832
8239
8843
10461
7954
8014
8416
8121
9616
8642
9392
9743
9366
9319
9002
9119
8795
7079
8493
7697
11961
9498
9512
11948
9422
9507
9494
11982
11959
9530
12457
12488
12473
12462
12528
10426
12495
12464
12401
12374
12341
12352
12307
12313
9964
12175
12157
9645
12004
9786
9671
11970
9614
11891
11957
9770
11879
11825
9675
9430
9573
11578
9524
9445
