2278
2206
2309
2437
2534
2632
2616
2692
2724
2693
3548
9438
9458
9684
9967
10033
10099
10136
10253
10373
10458
10594
10428
10518
10542
10718
10534
10731
10588
10785
10543
10819
10509
10830
5797
5746
5808
7719
7803
10893
5877
7758
5832
7846
5923
11480
12551
12430
12381
11566
11681
12690
12326
12224
12597
12596
12909
12619
12288
12812
12755
12792
12954
12950
13147
12883
13125
13203
13276
13052
13292
13172
13303
13163
13482
13336
13322
13431
13379
13419
13536
13537
13606
12238
12300
12340
12052
12347
12616
12202
11975
12130
11586
9374
9372
11704
9352
9375
9437
11768
9398
13604
14047
14141
14226
14298
15013
14559
15194
14659
15273
14962
15333
15283
15343
15417
15945
12042
12173
12426
12338
11915
12016
12109
11443
11900
15566
11745
12343
16099
12297
15979
12381
16108
16079
12326
12399
13162
12359
15987
12740
12847
13607
13305
15109
13958
15038
15326
14890
14996
14499
14643
14236
14342
13675
12634
18533
14050
14104
18561
13996
14091
14097
18634
18679
14179
19335
19391
19406
19477
19593
19520
19676
19520
19563
19562
19475
19596
19486
19500
14722
18982
18862
14490
18746
14536
14615
18704
14534
18584
18679
14645
18611
18417
18335
14414
14517
18101
14431
14303
