2808
2549
2632
3089
2513
1111
1120
1125
1146
1140
1610
11226
11297
11440
11675
11718
11877
11805
12028
11897
11847
12273
11907
12150
11979
12250
12062
12241
12120
12314
12095
12394
11958
12435
2838
2813
2839
5475
5572
12522
2923
5579
2863
5649
2983
14263
13121
13029
12930
11018
12960
13290
12830
15108
13303
13137
13412
13214
15022
13362
13444
13425
13262
12054
13359
13567
13495
12969
13173
13589
12746
13427
12806
13588
13155
13408
13600
11907
12731
13298
13450
16327
16491
13525
13467
13277
12761
13356
13763
12993
12475
12844
11026
6465
6466
11117
6454
6511
6529
11184
6534
15017
15670
15709
17439
17367
18115
17452
18247
17583
18263
18037
16634
18340
18450
16548
15625
7949
8260
8360
8364
7949
8000
8040
7416
7922
18538
11955
9565
15881
9630
15687
9676
18798
15763
9590
9612
13555
9696
18480
12690
12887
14224
13281
16673
13682
16369
16679
15955
16020
15202
15312
14698
15144
13828
11947
16310
11959
11958
18600
9891
11962
11977
18681
18700
12012
19198
16910
19284
19294
19292
19260
19266
19228
19283
19307
19205
19302
19197
19236
12563
19064
18786
12297
18954
12455
12582
19058
12416
18776
18749
12533
16481
18691
16251
12204
12423
18352
12439
12379
