1820
2200
2453
1031
1063
1097
1101
1117
1673
6714
7677
6697
7532
7335
7781
6690
7419
7452
7466
7498
7509
7402
7545
7522
7534
7482
7567
6394
7572
7364
7537
3267
7066
4348
3220
3858
3338
7488
4477
7374
3327
4605
3329
4117
3403
4168
9132
9170
9132
9101
9186
9126
9165
7918
7938
9000
9062
9199
9187
8974
8981
9171
9169
9046
8999
9101
9163
9103
9105
9044
9134
4576
4933
8279
5529
5533
5520
8480
5432
5524
5567
8553
8708
5566
5530
3927
3965
3829
3909
3907
5256
6773
11520
11499
6547
5951
6578
6783
11646
6641
11512
4737
12188
7102
5449
12212
6974
12234
12227
6997
6770
6034
6023
5400
12182
12196
5907
5908
5926
4519
5708
5715
5720
5718
5673
5699
12221
12131
5672
11341
11121
5463
10983
11423
5251
11060
5041
5020
10707
10748
10491
10639
10497
4693
4666
4508
4468
4360
4289
4141
