1738
1744
1859
1330
1370
1390
1158
1413
2154
7702
6826
7758
7838
7800
8078
8119
7958
7134
8019
7949
7035
7929
8034
7919
8007
7748
8014
7734
8006
7647
7817
3212
7449
3659
3167
3737
3307
7770
3687
7722
3294
3800
3302
3472
3386
3541
9441
9434
9453
8238
8305
9393
9407
9435
9426
9314
9335
9429
9413
8112
9333
9402
9411
9353
9333
9381
9418
9383
9429
9372
9440
4972
5064
7841
6204
6204
6195
8136
6109
6223
6253
8342
8357
6249
6221
4426
4703
4434
4639
4497
6437
7869
11782
11751
7779
8015
7814
7855
12161
7853
10459
8021
13323
6337
7745
12839
7669
13366
13370
7675
7437
8682
8687
7555
14114
14104
9423
9430
9768
9762
9752
7711
9746
9576
7546
9472
14158
14066
9270
14899
14861
9210
14828
14873
9151
14744
8436
6476
14619
14535
14449
14521
14337
7733
7686
7564
7561
7430
7406
7245
