824
819
868
901
957
1379
1386
1401
1423
1428
2181
6553
6593
6693
6907
7096
6936
7187
7041
7172
7203
7366
7267
7414
7350
7388
7387
7453
7372
7533
7412
7557
7458
7602
4066
3432
4050
4731
4784
7606
4147
4808
4086
4991
4204
8149
10570
10207
10159
8649
8238
10736
10047
8659
10726
10625
10936
10676
8737
10917
10876
10832
10924
10927
11070
9605
11107
11143
11145
11137
11043
11104
11266
11094
11195
11184
11202
9965
11184
11334
11491
9678
9674
9815
9818
9772
9555
9912
10105
9793
9495
9788
8683
7556
7554
8783
7565
6631
7603
8834
7647
9953
10476
10565
10548
8980
11011
10712
11469
11160
11629
11402
11618
11703
11761
12299
13198
11141
11356
11407
11335
9683
9663
11182
10702
11113
10659
9610
10888
13441
10968
13224
11001
12919
13427
10928
10959
11152
11038
13218
10726
10779
11447
11165
12669
11751
12728
12970
10606
12727
12218
12339
11898
10066
11628
10390
16556
13105
13080
16618
13064
13089
13089
16632
16666
13144
18295
18161
18216
18327
18615
18590
18571
16143
18494
18629
18432
18530
18436
18450
12106
18006
17995
14178
17715
14149
14154
17486
14153
15121
17776
14400
17491
17357
17268
14036
14278
17174
12068
14189
