1037
1048
1084
1135
1203
1251
1252
1269
1872
6116
6139
6182
6225
6229
6357
6403
6494
5541
6561
6636
5783
6642
6704
6629
6704
6390
6730
6360
5816
6291
6449
4503
6102
5704
4443
5955
3904
6376
5765
6343
3891
5952
4557
2865
4654
2861
9700
9839
8626
9709
8727
9779
9820
9871
9841
9773
9776
9860
9840
9789
9774
9836
9842
9844
9842
9822
9886
9900
9912
9889
9960
5350
5414
9174
7566
6507
7554
9276
4811
7588
7635
9344
9504
7644
4783
5969
6207
6080
6165
4780
9517
8087
12427
12421
9490
5735
9485
9558
12485
9569
12463
5745
13578
10246
8486
13627
10153
13642
13584
10169
9884
6420
6426
10145
14021
14027
6870
6892
7219
7220
7247
5483
7219
6908
6889
6869
13995
13945
6726
13080
13007
6683
12917
13073
6641
12942
6582
6597
12680
12789
12573
12711
10558
6251
6209
5555
5527
5422
5316
4258
