2188
2200
2371
1694
1739
1739
1767
1757
2255
5666
5677
5709
5742
5721
5912
5888
5832
5907
5914
5953
5942
5959
6059
5986
6088
5981
6109
5959
6114
5944
6061
3475
5869
4525
3480
4607
3599
6043
4594
6031
3563
4709
3586
3718
3615
3777
7000
7081
7023
6952
7116
7099
7140
7120
7123
7147
7112
7127
7164
7192
7230
7153
7184
7255
7281
7153
7244
7216
7321
7378
7395
5375
5555
7414
5869
5883
5825
7562
6358
5889
5956
7674
7679
5935
6415
5924
6095
5875
6021
5986
7472
7478
10393
10241
7375
8259
7450
7545
10564
7519
10395
8356
11997
8368
8316
11937
8214
12079
12231
8283
8076
9680
9696
8114
13097
12913
10557
10521
10663
10700
10722
10593
10635
10580
10523
10532
13196
12981
10457
13480
13492
10286
13594
13262
10147
13043
10078
9940
13418
12940
13271
12908
13013
9405
9151
8599
8317
8065
7637
7180
