1197
1193
1249
1267
1331
2003
1650
2011
2030
2022
2794
6970
7015
7158
7314
7459
7356
7518
7466
7556
7593
7751
7643
7831
7718
7860
7708
7896
7712
7955
7599
7969
7467
8010
3483
3434
3473
3765
3817
7981
3559
3807
3507
3883
3664
7821
9348
8024
9245
7335
6715
9419
9215
8007
9408
9376
8291
9367
8179
9489
9459
9478
9560
9542
9593
9531
9607
9617
9593
9585
9559
8337
8386
9619
9634
9641
9702
9717
9588
9692
9716
9143
9284
5212
5092
4946
4605
4789
5057
4555
4160
4418
7354
7133
7135
6396
7123
7161
7157
6441
7163
8430
8618
8620
8607
8544
8814
8441
8891
8538
8892
8845
8907
8853
8811
8902
9564
6018
6355
6466
6418
5832
5922
6043
5144
5860
8859
3698
8234
9594
8042
8194
8232
8804
9579
8209
8222
3869
8221
8379
3468
3617
3129
4056
5643
4561
5326
5671
5113
5252
4675
4985
4408
4763
4294
3551
9680
7872
8288
9690
7761
8113
7851
9701
9694
8001
9762
9770
9753
9743
9742
9753
9695
9674
9636
9415
9582
9391
9418
9344
7938
9240
9206
7746
8918
7773
7785
8768
7706
8751
8872
7749
8793
8654
8558
7513
7530
8419
7467
6172
3173
1648
3146
2139
2018
1247
2131
3125
3174
2119
3213
3364
1248
1742
3200
3222
2117
2026
3324
1192
1717
1253
1999
3389
1196
2048
1933
3432
2315
2007
3399
1690
3197
3396
3447
3408
3220
1932
3366
3447
2042
3418
3417
3199
1921
3456
3403
1926
1919
3442
2026
3207
1892
3358
2015
3211
1919
3332
3451
2000
3422
2770
3408
3393
2028
2001
3194
3354
1999
3347
2003
3324
1997
2742
3404
1887
3284
1987
3242
3261
1983
3180
1875
1885
3277
3235
3253
3345
1968
3199
2843
1872
3237
1869
1859
2739
1946
1867
3214
1962
3300
1928
1863
1855
1912
3109
3163
3177
3236
3167
1884
3265
1863
1837
1840
3039
3061
3175
1837
1865
1843
1832
1819
3167
3140
1811
1788
2631
3224
3178
3211
1833
2977
1834
3109
3164
1826
2527
2989
2980
2686
2321
2843
2869
1673
3139
2245
3095
1637
2117
1111
1273
1742
2403
1231
2692
2047
2276
1126
1679
1970
1466
951
1685
1698
1348
1061
1623
2287
2167
937
1828
1346
1440
852
2171
1618
1759
1367
1962
1238
1611
1840
1976
1138
1457
1563
1462
1432
1020
373
1397
1118
1561
1065
1188
1139
995
907
815
