775
774
827
1172
1193
1204
1210
867
1752
5333
5324
5290
5219
5219
5434
5391
5403
4532
5465
5510
5531
5536
5573
5561
5556
4657
5596
5564
5612
5561
5611
2170
5457
3265
2144
3297
2229
5582
3292
5583
2233
3364
2238
2487
2279
3264
6227
6242
5126
6196
6264
6281
6249
6274
6294
6311
6299
6291
6335
6349
6408
5205
6362
6391
6449
6336
6396
6398
6452
6523
6508
4245
5406
4831
3923
3905
3915
5118
4121
3899
3932
5547
5247
3923
4071
4318
4641
4518
3475
4303
4815
4830
8093
7671
4772
4907
4052
4815
8122
4809
8099
4921
8949
3653
4955
9009
4945
9033
8996
4946
4751
5386
5395
4907
9415
9362
5873
5861
6060
6039
5966
5941
5933
5902
5893
5886
9477
9343
5749
9551
9518
4035
9368
9557
4031
9460
5624
5659
9356
9371
9283
9303
9248
5197
5191
4901
4904
4824
4768
4686
