44
60
60
93
124
125
138
148
142
76
75
58
90
80
64
72
86
88
88
94
95
79
89
68
75
59
72
109
73
112
97
139
67
88
81
103
67
84
66
102
82
75
68
250
89
261
99
89
81
107
73
109
78
106
120
84
95
118
100
102
98
85
82
89
93
88
82
111
78
91
96
264
246
154
126
128
166
129
273
105
122
158
137
124
303
233
181
207
232
289
146
191
151
169
149
335
177
146
140
162
188
306
209
211
206
191
166
208
161
231
216
284
288
203
184
217
229
229
266
218
196
272
223
222
222
198
221
229
180
201
230
238
201
218
274
162
201
235
191
181
210
235
241
244
267
213
282
256
314
373
