5
18
6
8
14
7
410
0
4
3
6
1
5
0
3
5
11
2
8
3
3
4
1
2
3
1
2
0
2
1
2
3
0
8
1
2
9
1
2
2
3
0
1
7
2
1
2
1421
5
2
1362
1
4
8
2
0
1407
9
1
8
0
4
11
0
9
11
1
2
8
7
15
1483
1507
7
11
0
6
3
4
9
5
4
28
2
2
8
7
11
3
5
147
19
1
3
3
1154
2
2
5
1132
8
0
6
5
6
1
1
4
3
10
2
4
2
2
6
6
4
9
7
3
9
6
7
24
148
6
6
21
6
0
12
1560
0
14
1
1
0
24
1
9
13
16
1213
17
10
36
8
2
13
6
23
14
31
8
21
14
1
13
5
4
5
3
2
1
1
5
3
0
4
11
4
1
1
3
2
6
3
4
18
20
1
9
21
11
21
2
6
62
5
5
14
5
9
13
19
12
11
33
11
1333
0
408
9
2
3
6
1
4
5
0
2
1
14
357
0
4
7
4
8
18
372
8
7
2
5
2
9
11
6
0
3
377
8
6
8
1
11
1
6
4
1
5
2
0
3
0
2
2
2
3
4
7
3
6
1
11
1
14
2
1
5
496
1
1
0
1
7
2
4
4
1
0
0
522
1
2
3
4
2
0
3
9
2
3
1
3
1
6
11
1
501
5
6
8
1
533
4
6
3
1
5
1
0
1
3
9
3
0
6
8
2
1
0
5
6
10
2
5
5
3
12
3
4
9
1
18
20
2
3
11
8
2
4
13
2
2
1
10
2
28
508
6
2
4
9
15
8
4
21
14
9
3
5
2
9
0
13
3
7
11
8
21
6
2
6
62
24
5
2
11
7
36
5
14
6
8
5
23
9
5
13
21
19
7
19
12
31
11
17
33
148
11
317
147
238
21
24
16
14
13
