118
117
111
118
120
122
164
115
154
156
202
103
131
93
111
103
107
142
134
92
76
100
123
135
96
102
138
135
121
126
114
142
109
121
160
154
148
124
126
135
115
130
118
141
156
146
140
156
119
176
162
158
139
177
152
132
144
129
165
117
143
135
146
162
129
142
144
155
122
149
146
174
151
133
102
113
143
121
142
169
162
168
154
167
171
157
164
192
156
172
135
174
176
147
146
149
152
130
104
151
141
189
181
191
217
204
132
185
184
190
150
163
172
206
176
147
161
275
326
246
263
225
264
234
210
240
178
214
158
163
187
161
155
237
188
168
126
246
203
244
199
226
242
229
226
240
218
191
239
242
261
204
246
218
307
217
212
246
238
237
231
223
234
203
198
214
244
178
220
173
200
216
166
213
223
219
213
235
193
232
261
235
279
247
257
267
213
247
224
207
246
247
230
226
256
225
272
235
226
270
