0.133390455816
0.295924432655
0.270514438123
0.667571304436
0.133396849584
0.133392684139
1.205908277755
0.133387960599
0.286838247946
0.266955551467
0.133386446786
0.400277251783
0.133394336386
0.133388965638
0.267941902169
0.133398431496
0.13338909829
0.13339484963
0.133387864033
0.66765828696
0.133398270753
1.335744093579
0.133394824006
0.266919233421
0.271953229932
1.467828579975
0.133395892893
0.133389922221
0.133392854402
0.133394191898
0.266837708808
0.133390724968
0.133392429307
0.269555212626
0.536152615194
0.133390675281
0.269760285247
0.133393134073
0.133398177997
1.469079180713
0.133390112886
0.133390859478
0.269252350884
0.133388830132
0.303265095129
0.133388492278
0.40119006451
0.133397396939
0.935240200011
0.133395834798
0.133387569711
0.133389364358
0.26791456616
0.133394473637
0.534176433226
0.133390781648
0.266834631952
0.133393620776
0.266830971338
1.202076941081
0.13339324812
1.201343686398
0.133388260614
1.338288414012
0.133398707287
0.133394714955
0.133387843311
0.133395351805
0.936128056576
0.133394120958
0.26768647509
0.13338918431
0.133393848803
0.133390101211
0.266834196543
0.133390018833
0.13339282024
0.266829382161
0.400273109928
0.133395274211
0.13338808534
0.133395849008
0.133393940876
0.133385722998
