1455
1434
1541
967
947
984
992
1038
1055
8151
8203
8255
8274
6597
8487
8413
8453
8504
8507
8547
6660
8599
8750
8787
8637
8787
8420
8814
6363
8469
8137
8444
8151
2489
5178
4137
4103
5178
8418
5253
4073
5279
4202
3122
4242
3180
10721
10778
8365
10981
10952
8509
8527
11011
10952
11027
11079
10934
11046
11001
10960
11108
10982
8547
10996
11092
10998
11055
11107
11081
11078
5909
6003
10007
7744
9819
7710
7775
5679
9946
5384
7753
9916
7778
5748
13539
6638
6220
6588
3744
6623
13695
9704
13653
9641
9692
9691
8052
9720
9641
10293
8130
15073
15103
10159
15225
10046
9742
15179
10016
10120
10059
9085
8987
9832
9938
10330
10323
5562
10210
5486
10041
16091
9986
16092
9923
16071
16050
9909
16457
16270
9723
16393
16310
9678
16151
9580
16126
15816
10838
15700
15635
8736
8528
8018
7745
7863
7751
7621
6508
