1104
428
1126
1151
1635
1692
1648
1648
1696
979
6199
6200
6437
6480
6478
6503
6667
6696
6552
6610
6660
6607
6660
6686
6695
6726
6741
6780
6743
6798
3916
6641
3867
2933
2938
6746
2979
6604
2314
2973
6647
3945
3001
2996
7009
7137
6440
6493
6541
6415
6532
6584
3849
6550
6649
6580
6645
6601
7283
6627
6700
6625
6678
6663
6747
6669
6710
6739
4060
6693
6744
6725
6768
4052
6759
6785
6731
6751
8084
8107
6011
5941
5927
5704
5535
6244
5457
5391
5951
5682
8137
4258
4287
4272
5482
5474
4257
5045
5526
4312
4138
5532
8258
8722
8314
8877
8297
8962
8634
8908
8849
9068
9065
8657
9106
9058
5750
5468
5786
5163
5329
5318
5514
5611
4537
7640
7644
5129
5103
5122
5111
5146
5137
7662
7663
9144
9164
6509
8864
6300
5862
5649
5491
3521
7431
6881
7223
3418
6833
7537
5603
7423
6924
5944
8324
4807
8335
5497
5452
6429
8329
8324
5450
5462
5481
5663
4655
8511
8513
8502
8495
8487
8435
8443
8419
8395
8367
8382
8264
8240
7797
7947
5376
5296
7637
5301
5328
7759
5337
7596
7654
5310
7498
7487
7262
5177
5099
7060
5056
4811
