2939
1988
3072
3092
1949
2007
1023
1969
2029
2020
9146
9165
9191
9236
9138
9170
9226
9276
9351
9385
9496
9454
7196
9651
9708
9750
9773
9813
9737
9778
7637
9759
7552
5408
5415
9851
5452
9794
7636
5504
9917
5748
5552
5564
11473
11076
10991
11067
11312
10962
11686
11643
11390
11438
11928
11612
11799
8836
8288
11934
11970
11943
12080
11976
12153
12083
12185
12167
12335
12108
12229
12389
12428
12266
12383
12395
12506
12540
9074
12332
12490
12441
12375
12333
11954
12835
12763
11744
12402
12289
12023
9254
9370
6752
12413
9704
9292
12074
12461
9416
9202
12499
12224
13374
12662
14033
13013
14170
13370
14339
14018
14837
14898
14221
15862
15906
11561
11474
11629
11256
11327
11351
11328
8059
7447
16735
16742
12236
12006
12070
12071
12306
12451
16812
16837
16553
16791
14516
16455
14399
14280
9728
14138
14853
16034
15029
15997
16073
15770
16077
13915
15655
15365
9386
20206
14613
20202
14581
14534
14493
20217
20248
14614
14558
14611
13852
15955
16034
21453
21465
21498
21489
21430
21452
21424
21378
21539
15765
21393
21362
20876
20746
15617
15513
20404
15453
15475
20536
15442
20469
20286
15367
20186
14836
19861
15101
15104
19721
14911
14759
