1693
2604
2645
1367
1357
1401
1389
1454
1463
9305
7136
9171
9192
9241
9282
9121
9155
9171
9152
9166
9167
9207
7158
9424
9215
9395
9116
9390
9099
9283
6794
9239
9082
4652
5789
4801
3169
5779
9222
5893
4741
5906
4898
4542
4909
4613
11051
11105
8495
11367
11271
11336
11352
11424
11358
11395
11461
11393
8692
11355
11369
11518
11460
11438
8645
11491
11451
11426
11484
11478
11513
6097
6950
10909
8394
10686
8353
8461
7970
10770
8495
8405
8123
8433
8021
14246
6045
5608
6041
3405
6155
14951
9725
11593
9521
6897
9719
9658
9753
9537
14930
9707
16269
16236
9743
16367
9619
6152
16331
9606
9725
9612
10796
10524
6606
11067
11163
11025
10987
10853
6237
10654
17375
10453
17360
10370
17395
17307
10350
17323
17227
10044
17234
17237
5439
16986
8996
16858
16572
16444
16363
16124
8422
8007
7970
7871
7801
7691
7563
7469
