1827
998
1978
2032
1120
1160
1148
1162
1194
1203
9790
9798
9860
7621
9753
9810
7471
9851
9473
9524
9411
9394
9420
9465
9430
7051
7037
9460
9259
9329
5688
9116
5555
3909
3907
9243
3960
9035
5598
2546
9138
5730
4052
4083
10196
9863
12702
12784
12906
9726
12885
13004
10021
12943
13029
12980
12683
13023
9916
12877
12806
13032
13101
12808
12693
13029
13024
12868
12902
12955
12996
12493
12654
12961
13003
13024
12504
12833
10242
10337
8279
8222
8174
7795
7433
8444
8357
7003
8007
7617
10313
7486
7600
7537
10081
10086
7515
10243
10154
7646
7609
10159
7029
11023
10049
11285
10122
11163
10369
10909
10417
10889
10823
10142
10923
10705
7481
7338
7533
6681
6755
4051
6871
7150
6269
13715
13704
10475
10425
10501
10521
10562
10523
13897
13941
10523
10365
8148
10122
7593
7356
6906
6856
8183
9568
8365
9397
9162
8621
9044
6365
8844
8427
6808
16136
12588
16156
12544
12532
7248
16304
16290
12567
12533
12612
6298
17674
17675
17694
17699
18041
18031
18028
18035
18075
18011
18006
12590
17962
17921
17670
17474
8698
13657
17105
13582
13633
17350
13699
17316
17071
8826
11685
16778
16474
13545
13879
14773
13847
13774
