1458
1470
699
935
928
966
953
1019
1031
4204
4242
4279
4305
4327
4351
4134
4157
4188
4194
4202
4233
4233
4319
4318
4244
4357
2466
4363
4147
4224
4070
4182
3987
2451
4670
4014
3989
4645
4201
4736
2404
4751
4073
1778
4073
1813
6460
6493
6541
6560
4372
6567
6535
6589
6552
6569
6589
6552
6623
6587
6606
6618
6600
6597
6615
6606
6640
6607
4430
6638
6703
3045
3113
7571
6268
7498
6255
6281
3682
5120
6312
6276
7347
6294
3724
9235
4682
4397
2194
4646
4746
9264
7214
9233
7169
4954
7235
4379
7260
7091
9286
4429
10152
10147
7685
10190
7435
7235
10193
7377
7595
7403
5075
5054
5334
1866
5429
5444
5440
5282
5272
5338
10624
5298
10633
5220
10497
10532
5237
9931
9756
4940
9736
9770
4737
9506
4665
9503
5357
9327
9236
8935
4504
4399
4200
4105
4051
3937
3827
3688
