1342
1345
1414
1402
1187
1218
1196
1178
1239
1247
6115
6113
6132
6183
6175
6220
6233
6287
6214
6242
6269
6230
6272
4202
6298
6322
4217
6342
6165
6203
5094
6101
4889
4564
4590
6159
4636
6029
3489
4642
6085
4990
4714
4758
6388
6265
9137
6652
9251
9176
9572
9482
9299
9311
9671
9510
9699
9529
6320
9728
9872
7081
9828
9849
9972
9775
9918
10020
10095
9873
9990
10103
10225
9988
10121
10067
10159
10013
6702
6770
5916
5817
5922
5710
5462
6089
6041
5324
5842
5600
6347
8004
8074
8045
8628
6324
8022
6322
6520
8183
8000
8684
6314
6707
6218
6748
6369
6979
6577
6992
6676
7073
7064
6595
7601
7588
7696
7532
7735
7125
4487
7197
7170
7415
4151
11716
11712
6969
10040
6772
10054
10261
10260
11709
11734
7472
7379
5395
7014
5269
5100
4971
4813
5502
6196
5686
6074
5795
5559
6144
4396
5900
5310
4477
12349
10311
12364
10482
10278
4675
12371
12344
10330
10438
10318
4228
12425
12429
12420
12401
12442
12402
12368
12376
12376
8665
12315
12321
12208
12220
11573
11531
10324
10225
11179
10171
10162
11328
10224
11196
11118
10169
10951
10945
10780
9961
9947
10661
9831
9739
