1297
1287
1274
570
572
566
574
599
591
5161
5216
5271
5304
5406
5453
5297
5345
5376
5359
3665
5321
5298
5510
5438
5344
5426
3643
5449
5188
5405
5106
5253
5162
2492
3667
2571
2547
2183
5276
3725
2538
3734
2637
2976
2624
2978
6545
4346
6602
6653
6610
6649
6651
6711
6700
6724
6755
6784
6727
4423
6756
6804
6830
6747
6805
6822
6867
6759
6874
6819
6922
4399
4502
6656
4269
6594
4417
4488
4602
6633
4523
4464
6624
4489
4661
9559
4868
4466
2311
4599
4857
9745
5881
9588
5807
5886
5876
2853
5917
5797
9717
5777
11148
11109
6721
11206
6632
3127
11193
6670
6668
6648
6503
6450
6991
6995
7238
7325
7363
7264
7256
3002
11706
7064
11672
6913
11621
11607
7062
11814
11762
7023
11733
7021
6998
11442
6969
11349
11234
11065
10909
10958
6477
6341
6112
5987
5894
4812
4022
3896
