2024
2061
2118
1494
1445
1463
1531
1549
1563
5690
5750
5742
5797
5853
5895
5811
5837
5923
5916
5984
6010
6006
6157
6175
6034
6230
6077
6261
6121
6197
5978
6160
6045
3510
4563
3597
3565
4566
6125
4652
3571
4671
3660
3720
3647
3791
6759
6801
6839
6977
6943
6921
6978
7038
7013
7042
7087
7137
7076
7069
7114
7126
7200
7086
7139
7169
7254
7110
7192
7147
7292
5551
5703
7439
5766
7266
5729
5781
6408
7437
5808
5774
7324
5799
6449
9903
5996
5790
5988
5929
6066
10132
7470
10040
7384
7425
7480
8341
7531
7354
10289
8402
11960
11867
8443
12218
8288
7987
12141
8298
8386
8277
9795
9704
10722
10717
10937
10832
10773
10779
10715
10690
13288
10631
13122
10585
13500
13207
10545
13616
13759
10460
13395
13483
10339
13545
10098
13653
13680
13410
13559
13439
9726
9393
8944
8680
8369
7897
7566
7154
