2008
1627
2165
2211
1292
1331
1317
1338
1361
1372
9955
9975
10027
9000
9919
9976
8882
10015
9637
9689
9575
9557
9586
9628
9595
8496
8471
9622
9422
9491
5854
9288
5718
4078
4081
9405
4129
9198
5762
3499
9303
5893
4223
4250
10361
10027
12875
12951
13075
11479
13061
13170
11738
13121
13195
13151
12851
13189
10079
13043
12971
13199
13267
12980
12858
13196
13189
13034
13072
13126
13164
12665
12821
13131
13170
13191
12675
13002
10407
10503
8440
8381
8333
7950
7587
8604
8516
7174
8165
7775
10482
7658
7767
7706
10245
10249
7685
10419
10320
7814
7778
10324
8850
11188
10223
11450
10290
11328
10534
11073
10582
11053
10989
10310
11088
10869
7655
7513
7704
6858
6931
5784
7103
7317
6524
13882
13868
10643
10594
10673
10687
10730
10692
14069
14105
10690
10533
8306
10373
7766
7517
7075
7019
8409
9734
8530
9561
9323
8780
9212
6532
9013
8601
6976
16305
12754
16320
12714
12699
7408
16467
16458
12730
12703
12778
6473
17841
17843
17860
17863
18205
18197
18194
18208
18242
18191
18187
15633
18137
18095
17850
17647
11528
13829
17293
13754
13800
17520
13862
17501
17250
11727
14591
16963
16743
13712
14045
15910
14013
13938
