1578
1582
1648
1641
1410
1443
1418
1419
1462
1469
6335
6341
6353
6403
6397
6442
6457
6506
6434
6465
6489
6453
6493
5535
6519
6543
5547
6563
6383
6423
5314
6325
5107
4784
4812
6380
4855
6245
4476
4864
6304
5206
4937
4979
6608
6486
9362
8245
9474
9400
9799
9702
9528
9538
9891
9734
9926
9750
6539
9948
10092
8692
10050
10074
10193
9999
10135
10239
10317
10094
10212
10327
10444
10210
10343
10300
10383
10314
6921
6986
6138
6063
6133
5922
5677
6302
6254
5554
6051
5818
6568
8224
8297
8266
8844
7754
8247
6550
7962
8403
8223
8901
6536
6928
6448
6972
6591
7199
6797
7211
6896
7293
7285
6816
7821
7808
7916
7758
7956
7351
6166
7421
7410
7632
5771
11932
11928
8932
10260
8736
10273
10481
10481
11935
11950
7694
7603
5617
7233
5503
5333
5207
5053
5717
6419
5903
6294
6018
5798
6367
4643
6120
5530
4723
12574
10532
12581
10702
10498
4900
12586
12564
10549
10660
10539
4459
12644
12647
12639
12618
12658
12622
12589
12602
12596
10849
12539
12544
12436
12448
11805
11750
10540
10443
11398
10381
10372
11557
10434
11484
11339
10385
11178
11166
11010
10169
10162
10899
10055
9956
