2361
2794
2822
1532
1522
1567
1556
1618
1631
9476
8466
9342
9365
9407
9455
9290
9330
9342
9327
9350
9343
9378
8527
9595
9395
9577
9289
9567
9267
9462
8132
9411
9250
4819
5954
4965
4178
5949
9397
6061
4909
6073
5063
4706
5074
4782
11222
11273
10085
11542
11440
11507
11526
11598
11531
11565
11630
11559
10321
11533
11541
11685
11626
11615
10291
11663
11618
11599
11657
11644
11685
6637
7119
11079
8560
10851
8520
8627
8141
10939
8659
8572
9635
8598
8187
14414
6239
5836
6287
4872
6347
15115
9893
13480
9688
8492
9886
9821
9918
9701
15092
9870
16431
16395
9913
16526
9789
8006
16491
9776
9885
9782
10960
10703
9147
11245
11331
11202
11163
11034
8843
10825
17536
10628
17520
10553
17557
17470
10525
17497
17414
10208
17405
17413
7964
17162
9164
17035
16755
16626
16552
16319
8599
8179
8137
8042
7972
7857
7741
7638
