1538
1536
1524
798
798
792
802
824
824
5388
5441
5499
5531
5634
5677
5527
5571
5607
5601
4808
5552
5534
5743
5668
5571
5668
4773
5678
5418
5643
5330
5484
5390
2720
3887
2800
2773
3192
5502
3948
2766
3953
2863
3197
2852
3207
6778
5758
6833
6887
6851
6884
6887
6937
6928
6952
6985
7008
6955
5891
6996
7027
7062
6978
7031
7042
7089
6991
7098
7043
7157
4618
4723
6880
4496
6813
4648
4717
4826
6854
4755
4693
6844
4714
4878
9781
5119
4736
3938
4880
5121
9966
6106
9805
6056
6110
6101
4607
6150
6057
9931
5998
11362
11322
6950
11418
6855
5236
11407
6892
6895
6875
6731
6681
7218
7230
7465
7552
7597
7496
7490
5471
11920
7303
11885
7206
11836
11827
7287
12050
12000
7260
11955
9761
7227
11670
7185
11587
11472
11323
11213
11192
6706
6565
6326
6209
6118
5043
4262
4141
