1162
844
1196
1211
1690
1749
1704
1710
1752
1432
6254
6256
6492
6534
6534
6557
6722
6750
6605
6663
6714
6660
6715
6739
6748
6780
6794
6833
6795
6850
3969
6702
3922
2989
2993
6799
3034
6658
3215
3029
6701
3998
3057
3052
7064
7191
6493
6547
6595
6471
6590
6638
5334
6610
6703
6635
6700
6654
7337
6681
6754
6680
6732
6728
6801
6724
6763
6793
5555
6748
6801
6779
6823
5530
6817
6841
6786
6806
8140
8161
6063
5993
5982
5760
5587
6295
5847
5455
6008
5737
8202
4315
4342
4328
5535
5527
4314
6814
5581
4367
4195
5585
8314
8776
8370
8932
8352
9016
8689
8962
8904
9122
9120
8714
9161
9112
5805
5523
5839
5221
5384
5384
5576
5664
4692
7694
7697
5185
5157
5177
5166
5202
5192
7716
7716
9201
9224
6563
8921
6357
5922
5704
5552
5335
7489
6977
7283
5417
6887
7600
5658
7491
6987
5998
8384
5218
8388
5552
5507
6480
8382
8383
5522
5518
5537
5719
6750
8567
8569
8561
8551
8542
8490
8504
8475
8456
8426
8437
8321
8303
7863
8011
5433
5352
7701
5355
5381
7831
5392
7664
7718
5363
7562
7550
7332
5232
5160
7160
5115
4949
