1522
1533
1170
990
983
1027
1008
1074
1086
4259
4296
4334
4362
4381
4406
4188
4211
4243
4249
4262
4292
4286
4373
4383
4298
4411
3405
4420
4202
4283
4125
4251
4051
3298
4725
4069
4044
4705
4261
4791
3297
4807
4128
1832
4128
1867
6516
6552
6595
6614
5582
6621
6598
6643
6606
6625
6646
6606
6677
6641
6661
6673
6654
6655
6669
6668
6695
6662
5674
6692
6757
3114
3182
7629
6325
7554
6316
6337
3736
6477
6367
6331
7404
6349
3779
9291
4742
4530
3615
4701
4800
9321
7275
9290
7223
6212
7292
4434
7315
7177
9340
4483
10204
10199
7739
10243
7489
7295
10246
7430
7649
7459
5129
5110
5390
3760
5485
5500
5498
5345
5341
5394
10677
5354
10686
5282
10560
10598
5293
9993
9836
5000
9805
9827
4793
9584
4729
9563
7548
9400
9308
9105
4563
4463
4259
4165
4108
3999
3895
3768
