3049
2612
3187
3203
2061
2116
1629
2085
2136
2127
9258
9277
9302
9346
9250
9280
9337
9386
9460
9494
9607
9563
8587
9760
9817
9860
9882
9922
9845
9887
7746
9875
7659
5517
5522
9960
5559
9906
7744
5614
10026
6894
5661
5671
11584
11186
11103
11180
11425
11075
11808
11754
11503
11556
12038
11727
11911
10471
9992
12047
12082
12057
12191
12093
12264
12195
12296
12278
12448
12219
12342
12506
12543
12380
12497
12507
12621
12651
10853
12440
12597
12545
12483
12442
12058
12941
12870
11854
12511
12399
12140
9363
9477
8236
12521
11258
9404
12189
12571
9523
9312
12605
12339
13488
12774
14146
13125
14281
13481
14451
14128
14947
15009
14332
15973
16016
11676
11592
11750
11372
11452
11470
11448
10044
9299
16842
16849
12345
12115
12177
12179
12415
12561
16928
16943
16667
16905
14620
16566
14511
14388
12160
14245
14959
16148
15186
16116
16181
15877
16191
14028
15842
15478
12050
20318
14722
20309
14688
14640
14596
20323
20360
14721
14666
14719
13964
19013
19073
21559
21572
21606
21596
21537
21565
21533
21494
21651
18836
21501
21475
20998
20875
15730
15616
20522
15557
15581
20658
15550
20586
20402
15487
20299
17785
20009
15206
15214
19845
15020
14864
