2081
2070
2290
2269
2510
2569
2543
2571
2573
2576
9699
9758
9993
10061
10102
10157
10289
10289
10299
10350
10475
10407
10545
10577
10623
10735
10800
10830
10799
10848
7624
10804
7525
5691
5716
10903
5763
10798
7617
5787
10910
7620
5871
5890
11749
11731
12410
12516
12628
12420
12694
12771
12684
12689
12972
12776
12962
12855
12163
13014
13192
12984
13158
13165
13367
13140
13305
13389
13389
13277
13354
13475
13480
13378
13522
13542
13555
13597
13536
13645
12260
12266
12382
12267
12018
12797
12716
11941
12526
12344
13606
9500
9616
9582
11816
11790
9555
13726
11863
9676
9591
11955
13860
14455
14098
14809
14289
15035
14706
15188
14857
15265
15294
14897
15561
15540
12552
12366
12616
11977
12095
12093
12186
12382
11501
16239
16166
12710
12701
12703
12698
12728
12764
16239
16343
16289
16246
14139
16130
14043
13798
13555
13457
14577
15526
14812
15477
15302
15009
15572
13416
15494
14725
13675
18899
14657
18935
14686
14580
13842
19076
19097
14666
14614
14578
13332
20126
20165
20215
20231
20481
20540
20472
20600
20506
20516
20605
20491
20564
20468
20108
19953
15423
15382
19717
15261
15207
19839
15301
19734
19638
15510
19481
19474
19353
15090
15241
19117
15094
14901
