1570
1579
1655
1078
1059
1094
1101
1147
1164
8265
8316
8367
8392
7691
8601
8526
8569
8619
8622
8669
7796
8712
8869
8901
8756
8901
8539
8927
7482
8589
8247
8558
8261
3402
5287
4248
4212
5296
8534
5366
4187
5387
4319
3237
4351
3290
10839
10897
9778
11097
11067
9939
9952
11133
11069
11142
11197
11050
11164
11120
11083
11219
11095
9995
11109
11205
11110
11175
11219
11193
11196
6022
6117
10120
7855
9929
7819
7888
5792
10059
6790
7864
10028
7887
5857
13651
6756
6364
6742
5274
6753
13805
9816
13762
9751
9802
9802
8162
9832
9748
12232
8239
15210
15208
10273
15331
10153
9867
15285
10137
10224
10165
9194
9107
9955
10051
10443
10444
8153
10334
8111
10155
16198
10099
16197
10040
16178
16156
10021
16581
16406
9833
16505
16426
9790
16267
9695
16251
15958
13588
15829
15755
8868
8644
8141
7965
7978
7861
7736
6621
