65
43
57
81
125
134
61
83
84
97
76
82
98
76
83
53
59
76
89
87
110
83
81
69
87
71
118
82
83
76
99
80
62
66
97
85
78
94
117
107
65
103
65
259
85
250
112
104
98
69
63
108
123
86
79
86
86
102
85
88
64
116
106
93
90
92
103
81
102
85
87
232
247
141
84
151
118
110
268
114
120
122
139
111
254
170
217
211
222
288
218
192
184
193
165
176
178
255
125
161
162
228
207
173
168
236
177
231
211
224
175
183
283
265
274
249
212
243
255
216
225
184
239
225
231
214
191
201
232
246
210
236
171
215
239
224
283
218
192
234
188
212
214
254
255
235
284
355
334
362
