102
108
112
140
144
116
128
122
126
106
126
124
98
111
116
121
99
131
100
130
110
146
92
120
144
128
122
139
112
139
102
127
133
126
140
96
130
113
137
143
102
145
108
103
136
153
118
141
122
126
157
154
103
141
135
140
143
126
138
153
150
164
172
165
122
156
105
136
193
126
185
155
172
162
156
156
165
131
167
154
187
157
136
136
165
182
223
167
175
174
147
152
110
144
133
142
164
176
165
137
136
105
159
171
212
188
185
204
158
193
203
207
178
184
147
133
219
232
245
293
286
253
230
253
263
167
194
200
162
165
172
186
181
225
170
251
250
198
232
227
229
221
193
247
240
223
243
225
212
259
241
230
253
259
235
224
239
223
245
283
201
197
250
258
261
264
229
223
248
249
250
244
228
206
303
263
194
250
237
249
227
240
224
227
302
232
249
238
292
275
250
244
280
283
275
196
277
247
272
250
