1216
1225
1473
1224
1243
1271
1246
1255
1314
5237
5540
7624
7668
7767
7866
7864
5968
7831
7830
7892
7911
7808
7797
7757
7747
7753
7752
5766
7718
7499
7535
7485
5578
7362
7272
4838
5910
7154
3424
5022
6009
4968
3625
2656
2698
5554
10335
8659
11270
11265
8899
11482
11460
11470
11507
11485
11537
11505
11553
11519
11546
11499
11515
11522
8906
11549
11523
11486
11594
11554
11492
11550
6203
6092
8552
10483
8603
8520
10621
8593
8644
5209
10613
6222
5269
11177
7732
7926
8064
4610
7600
10641
14939
14719
11257
11252
11262
7600
14648
11251
14908
7715
12729
12670
8447
17707
17767
12741
12428
9578
17784
17791
12853
9631
11139
11201
12180
12176
12077
12109
12088
6872
6987
19156
19200
12054
19152
19203
11993
13691
19352
11856
19182
19177
11780
19077
11749
11782
19010
18724
18756
18612
13132
11390
11371
10803
10731
9454
9105
8141
