949
957
1026
651
1212
1240
1232
688
1246
3747
3816
5858
5881
5948
6017
6012
6060
6044
6047
6086
4185
6144
6115
4240
6127
4165
4192
6058
6089
5932
5947
5935
5917
5882
5912
2981
3919
5878
3029
3091
2664
3053
3138
3659
3680
3252
6799
7284
7328
7314
7341
7330
7339
7348
7343
7345
7384
7349
5008
7325
7383
7391
7353
7374
7465
7392
7378
7350
7472
7424
7377
7416
4146
4106
4582
6821
4607
4619
7038
4615
4629
4809
4827
4655
4807
5372
2670
2733
2836
2709
2726
5272
8715
8618
5441
5285
5228
5061
8672
5221
8758
5060
2354
2343
5696
9594
9577
5786
5293
5161
9594
9579
5693
5155
4964
4945
4954
4908
4885
4800
2574
4225
4182
9441
9452
4019
9425
9413
3972
9165
9090
3674
8979
9021
3555
8934
3330
3449
8769
8663
8613
8538
8439
3147
3167
3005
3060
2978
2958
2863
