1158
1231
1358
529
541
554
554
546
554
2593
2697
5064
5085
5116
5188
5176
5212
5140
5142
5246
5246
3596
5277
5297
5232
5265
5273
5205
5223
4874
5015
4776
4838
4713
4756
2105
2746
4660
2175
2253
2923
2185
2332
1510
2826
2674
6372
6398
6411
4159
6427
6451
6412
6488
6436
4181
6554
6511
6602
6518
6501
6564
6520
6507
6692
6629
6577
6585
6719
6763
6669
6676
4578
4449
4797
6692
4879
4934
7002
4877
4913
4839
6813
4935
4804
7150
5331
5429
2957
5207
5233
7240
11131
11059
7243
4066
7211
6864
11018
7235
11193
6967
4384
8040
8099
13634
13685
8107
8004
8661
13748
13743
8114
8712
10138
10257
10815
5901
5906
5875
10883
10849
10728
15113
15227
10734
15158
15201
10703
15954
15856
10714
15759
15895
10657
15525
10620
10664
15632
15307
15333
10139
15078
10271
10216
9745
9719
9615
9501
9331
