1435
706
1480
1603
1691
1633
1003
1000
1021
1038
1040
4281
4338
8551
8761
8862
8890
8882
8583
8528
8601
9100
8673
8876
8708
8811
8883
8821
6242
8785
8950
5973
8987
2988
8284
4506
4539
8960
3152
3091
8755
3175
3151
3121
7059
9855
7056
10174
10181
10010
10314
10257
10091
10104
10315
10337
10199
10405
10357
10274
10466
10286
10373
10195
10370
10349
10306
10443
10364
10409
10348
10443
10337
10356
10240
10452
10500
10509
10220
10306
7732
7848
7982
7701
7921
8131
7876
7694
6326
8606
6369
10973
8695
6321
8628
6325
10831
8821
10795
11611
10883
11786
10904
12161
12020
12357
6470
11789
12361
6449
11540
12399
11577
8238
12073
7122
7125
12043
7214
6720
6448
6935
6379
11761
6400
6463
12786
9084
8973
8374
9012
12700
8990
9052
9171
12565
12781
9037
12054
9026
10169
8731
10366
8870
8539
10153
9051
9637
6072
10136
9953
10615
14987
9813
10542
10260
10666
10703
14965
15009
10058
6471
10650
9936
14967
15788
15786
15791
15824
10881
16031
10783
15908
15895
15899
15810
15852
15731
15794
11331
15180
15402
11236
11194
14810
11150
11202
11427
15145
14746
14880
11108
14630
9710
14584
11230
11167
14476
11193
11091
