1092
1152
1171
1191
1221
672
823
807
821
855
838
2923
4261
7109
7358
7454
7476
7427
7413
7430
7468
7568
7494
7606
7543
7636
7656
7602
7687
7529
7731
4918
7756
3028
7325
4424
4433
7679
3027
3007
7661
3045
1876
3047
8101
7994
8055
8151
8321
8203
5411
8296
8271
8347
8376
8419
8457
8479
8450
8363
8550
8506
8512
8453
8608
8726
5487
8632
8563
8604
8579
8700
8559
8458
8732
8666
8659
9144
5814
9038
6114
6367
6507
5846
6283
6556
6164
5626
4934
6641
4753
8726
6672
4932
6651
4953
8716
6755
8771
9133
8797
9256
9175
9732
9394
9770
5009
9346
9731
5004
9172
9743
9183
9694
9672
5735
5686
9602
5862
5394
4738
5681
5044
9203
4929
5189
9286
6169
6119
5735
6117
9289
6130
6140
6001
9297
9293
6148
9097
5712
7245
5642
3695
5782
5628
7373
5826
6338
6949
6559
6374
6670
9992
6243
7413
6798
6696
6683
9993
9999
6662
6671
6658
6509
9989
10215
10252
10124
10137
10220
10208
10085
5936
5969
10079
10044
10056
9980
10048
6960
9704
9736
6816
6446
9538
6806
6832
6938
9655
9288
9445
6794
9181
9114
9246
6899
6865
9128
6796
6721
2272
783
2297
2163
815
601
2196
2337
2320
1567
2350
3037
1087
2008
2361
2166
2327
798
3063
1033
2023
1093
3048
767
1090
2012
1590
1088
1582
781
2944
2016
2373
3024
3079
3102
2311
1578
2838
3096
2014
2987
2937
2386
1579
2812
2995
1019
1576
3096
2005
1484
1577
2867
1985
2391
1572
2785
2954
1987
2960
2357
2881
1981
2916
1987
2426
2919
2790
1982
2875
1981
1973
2370
2870
1574
2833
1973
2408
2420
2800
1940
1574
1474
2871
2802
1945
2386
2856
2830
1493
1568
2445
1468
1480
2724
1944
1452
2768
1917
2784
1915
1460
1452
1301
2671
2732
2489
2773
2809
1263
2370
1472
1461
1916
2610
2766
2455
1447
1901
1468
1467
1914
2462
2670
1856
1892
2423
2438
2446
2447
1474
2542
1470
2740
2518
1456
2289
1692
2700
1358
2588
2555
2548
1555
2250
2047
2554
1591
2088
709
558
764
1351
1539
2450
1905
2189
598
954
1814
1429
522
1339
1335
1318
1517
419
1715
2085
2155
330
1319
1341
405
1861
1297
1619
1245
1938
1160
1476
1662
1455
1815
1147
1278
1263
1329
1046
0
1178
1205
1375
1079
1111
984
903
807
755
