885
336
943
384
947
980
1385
1386
1396
1448
1457
4369
4431
8277
8467
8696
8725
8773
8312
8300
8348
8939
8383
8565
8418
8497
8557
8486
6090
8495
8566
8379
8589
4338
8191
4465
4475
8608
4698
4615
8513
4736
4675
4666
12549
12519
12554
9600
12591
8437
12652
9569
8630
12594
12690
12709
12663
9720
12744
9627
12803
12718
12766
12668
12760
12683
12785
12839
12666
12788
12757
12829
12687
12705
12605
12800
12833
9597
9313
9360
4491
5016
5171
4778
4932
5140
2212
4575
9057
9175
9129
9002
9276
9121
9197
9125
9019
6946
5741
9403
8762
9452
8581
9522
9281
9437
9290
9046
9293
9326
8506
9245
8648
9126
8959
7901
7732
8252
8078
7316
6925
7768
6923
8072
6905
7142
12893
11215
11153
4280
11026
12839
11168
11193
4264
12848
13082
11205
7979
3661
5287
3486
5466
3481
3560
5439
3856
4674
4998
4776
4580
11976
14420
4411
5598
4986
12146
8367
14379
14503
12011
12012
11990
4745
14399
15200
15253
15275
15267
15162
15137
15134
15130
15121
15116
15016
15108
14969
15043
8575
14745
14783
12536
12571
14190
12513
8610
12442
14439
14045
14294
8423
13809
13683
13917
12369
12306
13561
12221
12114
