497
1190
1210
1710
1705
1695
1754
1761
1772
3237
4637
8826
8821
9034
9201
9155
9360
9265
9207
9308
9251
9348
9307
9375
9350
9444
9396
9392
9391
9307
9325
9224
9270
9075
9164
4622
4683
8966
4799
4918
4877
4941
5059
1861
1857
5428
8412
12986
13006
10485
12998
13029
10503
13085
13069
10554
10653
13066
13097
13089
13133
13106
13129
10637
10678
13155
13120
10637
10633
13129
10595
10584
2415
2248
9265
8433
9140
9225
8740
9306
9399
2013
8500
9184
2019
11204
8607
9445
9743
8849
8840
11212
12807
12750
11252
11218
11166
2511
12717
8537
12834
2533
11173
11101
11102
13354
13340
11184
10913
3006
13388
13396
11089
3028
3347
3392
3490
660
3404
3411
524
3408
3439
13849
13914
3438
13866
13893
3408
14210
14076
3398
14004
14125
3359
13932
3301
3326
13823
13608
13555
13470
13329
3076
3067
2974
2941
2811
2859
2764
