2447
2462
1574
2562
2593
2706
5386
5515
7026
5642
5756
12422
12402
9420
9608
9886
9887
10135
10036
10350
10486
10345
10645
10306
10743
10663
10820
10829
10937
10767
11035
10904
11111
13805
10929
13905
13848
11213
14351
12251
11198
12381
12284
14314
21432
21255
21292
21341
21494
12659
18249
21644
13015
21615
21766
21765
21919
22021
21866
21749
22131
18599
22079
21893
22251
22202
22261
22390
21994
22468
22412
22579
22148
22486
22334
22448
22728
14745
14483
14742
14358
14433
14676
14565
14830
15038
11256
14817
19612
23452
22946
14575
23927
22929
23348
19801
14902
24157
15026
15950
11382
16523
15813
16780
16861
17944
20191
17277
18166
20253
17223
18385
17446
18422
19156
17609
21608
19153
21769
17250
21025
21619
21022
19097
21079
21193
31791
24612
24562
15759
28709
31743
28768
24567
16609
31750
31805
24591
14599
12009
17759
16171
18026
16312
15861
17863
16183
17266
18160
17916
17737
30400
34447
12834
18244
17383
30448
30355
34434
34454
30428
30389
30360
17003
34470
35310
29784
29851
29889
35142
35099
35044
34903
34667
29210
34355
34456
34015
34317
31269
30672
30644
30836
30702
30044
30537
30485
30179
30404
29947
30076
30145
29609
29458
29612
29360
29113
29345
28589
28279
