2285
2312
2380
2453
2489
2575
2520
2567
2532
2606
2587
6389
6507
9011
9318
9480
9543
9658
9636
9717
9911
9966
10013
10001
10081
10106
10205
10263
10311
10331
10399
10348
10483
5519
10327
7282
7325
10507
5716
5665
10500
5723
5715
5717
12172
12024
12116
12200
12396
11482
12418
12421
11665
12650
12602
12669
12833
12804
12760
12673
12963
12989
12929
12904
13075
13144
12994
13115
13190
13151
13088
13229
13229
13299
13234
13272
13358
13298
13162
13252
11707
11828
12046
11629
11931
12201
11855
11546
9153
11370
9186
13047
11569
9191
11430
9220
13157
11707
13295
13826
13600
14176
13741
14411
14179
14581
9347
14213
14688
9335
14195
14799
14393
14774
14979
11971
11888
14912
12035
11554
11199
11914
11421
14758
11497
11683
15713
11935
11865
12395
11877
15725
11953
11921
12677
15656
15758
11953
15466
12413
14053
12367
14422
12618
12498
14124
12788
13481
14171
13856
13602
13399
17919
13467
14393
13556
13512
13400
17886
17986
13474
13491
13490
13240
17919
18850
18923
18947
18998
19136
19152
19125
19104
19112
19163
19098
19051
19139
19122
14167
18663
18533
14064
14138
18353
13937
14132
14100
18313
18282
18205
13909
18029
17915
17946
14035
13879
17701
13838
13682
