1074
1078
1146
1058
1323
1350
1343
1088
1356
3867
3925
5973
6001
6062
6128
6125
6179
6165
6162
6204
5330
6259
6232
5368
6242
5337
5345
6175
6206
6044
6067
6045
6031
5991
6028
3091
4027
5994
3140
3201
3482
3173
3248
3768
3793
3366
6906
7409
7443
7432
7455
7445
7454
7479
7464
7459
7496
7471
6403
7458
7496
7509
7471
7488
7577
7507
7492
7477
7585
7534
7489
7529
4259
4213
4692
6927
4721
4730
7144
4727
4739
4916
6025
4765
4914
5484
2802
2873
2959
2846
2859
5382
8821
8723
5552
5397
5345
5168
8788
5336
8863
5167
4271
4208
5802
9701
9681
5904
5407
5270
9699
9687
5801
5265
5087
5064
5069
5028
5006
4919
3816
4346
4305
9546
9558
4140
9531
9527
4090
9290
9217
3791
9116
9141
3683
9052
3490
3562
8897
8783
8739
8667
8572
3280
3290
3167
3193
3108
3081
2984
