1552
1216
1594
1718
1807
1746
1113
1111
1131
1148
1153
4388
4445
8658
8871
8970
8999
8990
8689
8634
8707
9212
8779
8982
8815
8918
8989
8927
7771
8891
9055
7469
9094
3099
8390
4614
4649
9068
3262
3203
8861
3289
3263
3232
8788
9965
8772
10281
10293
10121
10424
10364
10203
10217
10427
10450
10308
10514
10465
10381
10576
10396
10482
10305
10478
10461
10416
10551
10473
10516
10460
10555
10451
10467
10355
10566
10609
10614
10324
10412
7845
7959
8091
7808
8028
8238
7987
7806
6438
8711
6482
11085
8803
6432
8738
6436
10940
8926
10905
11720
10993
11897
11019
12271
12128
12468
6580
11898
12471
6564
11650
12509
11686
10529
12182
7252
7252
12152
7334
6843
6616
7051
6501
11872
6530
6579
12891
9193
9084
8484
9123
12805
9105
9167
9293
12670
12887
9148
12164
9133
10279
8906
10473
8985
8655
10262
9165
9748
8553
10248
10060
10724
15094
9922
10651
10368
10774
10813
15072
15115
10472
8820
10760
10042
15076
15893
15893
15906
15931
13726
16142
13621
16019
16004
16015
15921
15969
15853
15913
11441
15290
15527
11340
11299
14924
11257
11312
11532
15256
14866
15003
11219
14763
12432
14709
11340
11275
14600
11299
11203
