918
1248
1275
1775
1761
1750
1809
1817
1827
4013
4694
8882
8882
9089
9256
9210
9415
9325
9264
9367
9309
9409
9368
9437
9406
9501
9453
9447
9447
9361
9381
9279
9322
9139
9215
4678
4739
9046
4855
4975
4932
4998
5114
1916
1917
5485
8467
13045
13062
11878
13055
13087
11900
13146
13130
11960
12017
13124
13155
13145
13191
13164
13185
12017
12055
13213
13179
12028
12037
13191
12016
12008
2468
2327
9321
8489
9196
9279
8794
9362
9454
2068
8556
9239
2075
11259
8682
9498
9793
8901
8925
11280
12860
12803
11308
11274
11232
2567
12774
10001
12887
2589
11234
11163
11166
13407
13392
11244
11001
3062
13441
13448
11177
3085
3402
3448
3547
2204
3460
3469
2115
3472
3495
13903
13968
3501
13921
13954
3466
14277
14141
3456
14062
14184
3419
13994
3363
3389
13887
13666
13637
13539
13417
3150
3126
3035
3015
2916
2914
2819
