2112
2170
2378
1601
1639
1639
1671
1619
1659
4319
4520
6006
6031
6064
6149
6108
6173
6141
6125
6147
6175
6145
6159
6163
6163
6198
6182
6151
6215
6128
6183
6149
6105
6011
6065
4010
4996
6018
4078
4111
5165
4141
4175
3824
3910
4200
7519
7204
7255
7263
7311
7325
7332
7340
7341
7368
7444
7360
7438
7343
7406
7437
7366
7395
7566
7534
7421
7451
7580
7623
7562
7533
5849
5666
6010
7689
6057
5958
7880
6043
6055
6445
7800
5980
6439
7451
5840
5928
6139
5922
5940
7448
10484
10456
7552
7517
7502
8480
10344
7425
10628
8501
8388
8303
8319
12240
12464
8392
8120
10008
12441
12624
8377
9986
10824
10871
11143
11183
11132
11039
11034
10970
10912
13235
13522
10818
13380
13613
10794
13833
13555
10658
13653
13915
10454
13688
10335
10220
13935
13744
13851
13789
13590
9608
9336
8823
8567
8184
7741
7428
