1413
1431
1659
1401
1414
1443
1421
1433
1484
5409
5707
7793
7843
7931
8033
8025
7192
8008
8003
8061
8080
7982
7969
7926
7913
7924
7920
6964
7890
7676
7707
7661
6764
7526
7446
5009
6072
7323
4390
5192
6184
5147
4595
2824
2867
5728
10498
10202
11442
11436
10438
11656
11633
11655
11680
11653
11704
11681
11721
11691
11713
11670
11701
11690
10490
11717
11692
11655
11763
11720
11663
11715
6374
6266
8721
10644
8777
8761
10782
8763
8821
5376
10776
7680
5437
11349
7965
8125
8256
6387
7768
11122
15101
14885
11427
11425
11429
7765
14818
11428
15067
7880
12890
12830
10874
17874
17925
12905
12593
9743
17943
17955
13019
9798
11320
11376
12348
12343
12254
12285
12264
9760
9821
19317
19361
12228
19313
19370
12172
16879
19522
12020
19356
19352
11950
19253
11916
11949
19181
18909
18938
18787
16182
11562
11542
10979
10904
9615
9266
8406
