1065
813
1122
856
1125
1156
1550
1551
1559
1612
1624
4530
4590
8440
8633
8861
8890
8937
8472
8460
8508
9105
8543
8725
8579
8658
8717
8647
7580
8655
8725
8543
8750
4512
8361
4627
4637
8770
4863
4781
8674
4903
4840
4830
12715
12685
12719
11362
12757
8604
12816
11368
8798
12769
12857
12876
12837
11513
12906
11430
12969
12884
12928
12838
12955
12846
12951
13004
12829
12955
12932
12996
12856
12870
12770
12967
12996
9764
9476
9524
4876
5175
5328
4943
5092
5308
3776
4755
9222
9336
9294
9170
9438
9290
9363
9290
9184
8383
7581
9573
8937
9626
8755
9689
9450
9605
9453
9212
9460
9490
8675
9410
8816
9289
9123
8069
7905
8418
8252
7499
7167
7937
7105
8238
7097
7330
13054
11376
11319
4444
11189
12998
11336
11357
4430
13007
13248
11368
8145
3830
5455
3647
5632
3647
3734
5610
4024
4850
5170
4943
4745
12139
14582
4574
5765
5155
12307
10474
14539
14663
12171
12173
12153
4919
14562
15358
15417
15442
15429
15322
15300
15299
15294
15282
15287
15183
15279
15144
15212
10921
14930
14952
12698
12738
14371
12673
10869
12615
14620
14235
14469
10751
13987
13879
14112
12532
12468
13776
12385
12276
