1419
1481
1610
759
765
776
778
772
777
2825
2917
5290
5316
5342
5410
5397
5441
5373
5375
5474
5480
4717
5505
5526
5488
5500
5504
5447
5459
5095
5239
5003
5066
4936
4991
2330
2964
4888
2399
2477
3158
2435
2556
2416
3050
2902
6588
6633
6649
5592
6659
6686
6651
6724
6687
5634
6780
6741
6825
6747
6739
6795
6761
6746
6917
6862
6809
6817
6947
6984
6898
6897
4804
4681
5027
6906
5111
5158
7216
5101
5141
5056
7038
5160
5024
7380
5608
5693
4590
5477
5491
7461
11347
11278
7469
5970
7435
7082
11242
7467
11405
7187
6607
8283
8336
13852
13895
8339
8238
8887
13960
13958
8341
8938
10377
10483
11053
8757
8780
8776
11123
11085
10960
15329
15443
10964
15371
15424
10933
16186
16083
10940
15999
16126
10877
15786
10840
10880
15869
15549
15561
13072
15321
10489
10430
9965
9936
9832
9723
9555
