1565
1389
832
832
3656
5961
5179
6053
5916
5864
6064
5906
5907
5944
5921
5971
6023
6075
6022
6113
5675
6101
6122
3692
2929
2882
3878
2961
3010
3759
3082
3141
7268
7432
8459
6263
8565
8534
8545
8564
7453
6573
8546
8529
8551
8544
8534
8557
8579
8465
7416
8565
8585
6232
7288
7322
6481
6248
6478
6526
6555
6504
7360
6568
6083
6396
6940
6973
6902
7037
6648
6896
6916
7009
6964
6352
10147
3597
3628
5184
5080
10020
7572
8678
8891
8881
3336
8914
8915
8936
3419
8987
9925
9906
8526
9949
9890
9784
8483
9650
