1346
1380
1400
1420
1453
1226
1042
1028
1040
1074
1061
3814
4482
7325
7580
7675
7695
7645
7627
7644
7682
7793
7708
7820
7758
7851
7870
7818
7909
7743
7947
6472
7974
3248
7543
4643
4657
7895
3249
3231
7875
3268
2727
3269
8321
8214
8275
8367
8544
8423
7180
8513
8492
8579
8598
8641
8688
8697
8667
8584
8772
8732
8729
8684
8826
8947
7340
8854
8782
8826
8810
8926
8783
8881
8966
8898
8920
9365
7727
9253
6393
6580
6722
6053
6494
6768
6371
5851
5157
6858
4974
8946
6892
5153
6869
5173
8941
6970
8993
9353
9023
9483
9408
9952
9616
9991
5230
9568
9951
5224
9407
9963
9403
9911
9891
5959
5907
9823
6081
5613
5061
5907
5265
9423
5181
5413
9504
6390
6339
5962
6335
9504
6352
6367
6243
9513
9515
6368
9315
5949
7471
5869
5915
6007
5852
7597
6057
6559
7176
6776
6603
6885
10209
6459
7638
7028
6917
6907
10210
10215
6882
6892
6876
6730
10210
10436
10470
10348
10357
10438
10429
10313
8359
8385
10305
10259
10281
10210
10271
7178
9936
9956
7033
6888
9769
7020
7046
7155
9873
9510
9678
7013
9400
9344
9497
7116
7077
9350
7007
6934
2492
1002
2517
2387
1034
1098
2417
2553
2540
2121
2573
3264
1315
2226
2578
2385
2548
1021
3283
1287
2238
1325
3268
988
1319
2229
1810
1317
1804
1000
3164
2231
2595
3245
3301
3318
2543
1802
3057
3317
2230
3212
3157
2608
1801
3033
3213
1542
1799
3315
2225
2182
1797
3084
2207
2608
1793
3007
3168
2205
3174
2588
3101
2202
3130
2204
2643
3134
3010
2198
3089
2198
2194
2601
3091
1794
3047
2191
2639
2638
3018
2164
1795
1695
3085
3017
2165
2612
3076
3052
2210
1791
2667
1690
1700
2946
2162
1679
2984
2138
3009
2143
1680
1672
1856
2891
2946
2707
2995
3025
1833
2594
1693
1679
2142
2845
2984
2677
1668
2116
1689
1685
2139
2684
2896
2086
2115
2648
2657
2707
2679
1689
2775
1688
2956
2744
1680
2513
2437
2914
2071
2809
2773
2769
1787
2673
2277
2788
1811
2314
935
782
983
1568
2236
2665
2126
2404
822
1396
2041
1660
743
1553
1549
1535
1735
640
1936
2298
2367
582
1541
1574
624
2140
1516
1836
1464
2149
1390
1703
1869
1684
2022
1398
1495
1475
1545
1268
123
1389
1436
1600
1321
1324
1208
1128
1044
982
