2507
2520
2126
2618
2651
2763
6203
6324
7080
6460
6558
12475
12455
9474
9662
9941
9943
10190
10090
10404
10540
10400
10699
10360
10798
10718
10874
10883
10994
10821
11088
10957
11166
13860
10983
13959
13903
11267
14406
13357
11251
13540
13441
14368
21486
21310
21346
21396
21550
12715
20122
21699
13070
21676
21822
21820
21976
22078
21922
21804
22188
20494
22135
21949
22307
22258
22317
22447
22050
22523
22468
22641
22211
22541
22389
22510
22785
14800
14537
14798
14420
14497
14730
14626
14885
15096
13247
14871
21345
23505
23003
14634
23983
22985
23402
21529
14958
24210
15083
16004
13585
16580
15873
16836
16916
17998
21897
17333
18222
21989
17280
18441
17502
18476
19210
19838
21668
19208
21828
19476
21089
21686
21090
19154
21143
21256
31844
26905
26845
15818
28764
31796
28825
26865
16669
31803
31859
26884
17314
14437
17814
16226
18081
16467
15925
17920
16250
17329
18214
17974
17792
30453
34502
15451
18301
17442
30501
30417
34487
34508
30484
30442
30415
17064
34525
35363
32788
32829
32844
35196
35153
35098
34964
34720
32209
34408
34515
34075
34374
31322
30728
30700
30887
30753
30153
30587
30535
30229
30465
30004
30133
30195
29667
29521
29672
29410
29163
29410
28639
28330
