83
55
50
101
67
87
67
107
98
95
118
89
85
93
89
75
106
72
72
84
91
95
82
90
66
87
92
88
66
81
67
89
128
102
135
160
175
120
152
139
157
127
118
235
224
241
159
118
82
106
107
108
99
145
103
95
71
88
104
102
73
87
122
90
92
69
111
92
97
80
68
83
194
199
129
120
96
125
128
128
131
229
140
146
288
120
247
275
228
214
244
186
156
156
166
137
128
275
172
191
163
326
200
198
184
237
184
196
231
243
178
134
186
294
277
237
314
218
219
265
228
208
214
256
223
278
224
202
185
232
211
253
196
226
286
207
232
250
184
209
205
173
215
253
271
231
236
310
415
335
