33
6
6
7
11
333
0
2
0
0
4
676
5
0
5
5
3
2
0
0
0
9
0
0
1
1
0
2
9
0
3
1341
4
1
3
3
8
2
4
6
0
5
634
4
4
4
3
1
6
4
1554
2
7
15
7
7
14
2
1
7
3
9
1
15
1
4
1638
4
1
4
13
9
7
206
16
12
44
6
1702
3
71
3
3
1
5
2
1
11
4
1
2
3
4
2
2
2
5
0
2
4
3
10
12
3
7
5
2
4
3
1
16
3
2
1
2
9
6
5
4
4
104
11
8
5
37
9
2
2
1
15
1
0
3
9
23
1
6
1
3
21
9
10
2001
11
8
4
14
7
12
6
19
0
2
3
4
10
3
8
3
1
4
2
2
4
6
7
4
9
4
2
6
13
2209
2202
12
2
10
17
7
2
16
6
3
229
19
2
1
5
4
8
22
7
6
13
38
7
3
9
3
4
4
0
3
8
0
276
5
1
4
338
6
10
6
2
2
3
7
4
4
33
0
11
3
2
6
1
1
7
4
0
3
0
7
5
5
0
15
6
2
5
1
9
3
7
4
5
2
305
5
3
4
482
1
1
6
1
2
7
0
2
0
15
4
6
0
3
1
1
5
1
0
2
7
14
7
2
0
4
13
2
3
9
2
2
0
1
4
9
3
9
501
4
3
3
1
4
2
9
2
6
5
13
1
4
341
2
0
1
2
3
356
7
2
1
12
16
4
4
2
2
3
2
10
4
3
17
7
4
1
44
12
0
12
2
2
9
8
4
532
0
494
4
3
6
16
206
10
16
6
9
11
9
4
3
486
3
4
3
9
229
12
19
6
2
1
5
4
8
7
3
2
37
8
22
4
71
7
6
6
5
13
15
1
19
1
38
7
3
3
9
66
3
14
11
23
4
8
11
21
10
