121
103
113
124
128
101
157
114
171
130
155
91
93
108
104
115
132
116
95
106
90
103
83
118
128
88
150
104
119
95
108
103
118
153
99
181
149
148
125
137
118
164
145
137
118
130
130
157
134
145
158
137
166
131
129
153
126
127
143
150
148
111
126
131
127
176
162
180
150
160
181
140
129
164
138
162
133
161
163
178
166
207
153
189
128
169
137
180
123
177
151
164
164
137
162
136
150
165
190
182
139
185
159
162
215
158
135
221
173
155
202
204
169
164
146
231
229
166
290
263
240
336
261
193
250
256
168
194
205
212
138
129
145
173
264
179
175
171
227
222
210
226
207
221
246
240
250
225
189
171
205
208
230
234
211
263
213
222
215
195
223
219
204
248
210
234
197
200
198
170
180
165
191
222
204
213
249
179
190
257
182
209
208
238
245
229
162
233
187
220
249
191
232
259
244
215
256
209
247
252
