2866
2945
3299
3305
2339
3481
1153
2075
2095
2107
2109
2976
13033
13134
13210
13442
13436
13164
13194
13744
13297
13544
13215
13289
10950
13393
13666
13370
13579
13347
10902
13720
13161
13747
12893
13349
6846
6872
13802
4653
4785
4742
6928
13719
4806
4726
7249
4866
15182
15392
16954
17039
17016
16997
17095
17157
17101
17135
17288
13685
17195
14909
17215
17312
17051
17287
17345
16779
13863
17155
17283
16355
17393
17084
17236
16910
17396
16847
13260
17432
17255
16489
12784
12649
12434
11926
12562
12151
12014
11551
9186
13492
13463
9250
9277
13124
9317
9261
13758
9307
13615
13276
13521
17421
13679
17542
17491
17522
17497
17805
18327
18180
18103
17847
17184
18589
16962
8899
7688
8415
8098
8589
9065
17280
8987
11665
8423
8845
8855
18601
12733
12712
18855
16850
12789
12804
12765
18828
10769
17037
10341
10624
10015
11584
14159
13007
12529
14205
14025
13535
13183
12400
13777
20290
20294
13601
14248
20354
14243
20340
14327
12546
14325
14280
14310
8766
21504
21527
21541
15982
21620
21563
16074
21562
21525
21551
21722
21450
21614
21552
21342
20967
10109
15303
21192
15139
15266
15142
21191
20896
20989
15342
15485
20376
20830
14908
15002
20166
15058
14802
