589
592
1113
1677
7293
7394
7368
7498
7391
7561
7370
7624
7537
7568
7571
7701
7712
7720
7710
7697
7735
7241
4289
4748
3292
4935
4372
3751
4945
4487
4566
4583
7686
7863
7931
8523
10925
10873
10897
8428
7978
8472
8510
10966
10939
8514
7998
10987
10992
10990
11010
10927
10973
11037
10959
8071
7896
8086
8816
8023
8827
8826
6125
5155
8847
6114
8692
7597
8735
8260
8715
7736
8639
8195
8646
8621
5221
8288
4416
4309
5749
5751
11091
10374
9250
9217
9213
11096
9262
9413
10387
10614
10555
10627
9375
7846
7789
10512
10420
10386
