914
932
989
991
1004
1015
566
563
580
576
596
898
9797
9844
10048
10431
10196
10849
11281
10651
11612
11089
11807
11905
11570
12045
11936
12113
9352
12015
12143
12243
12123
12062
11799
9568
4900
4912
12390
1967
2026
1993
4915
12339
2039
1987
5041
2055
12825
13111
7836
8319
8063
7984
8720
8668
8136
8299
8893
8388
8627
10501
8562
9110
9229
8886
9274
9389
5719
9069
9359
9419
8872
9371
9405
9411
9112
9234
9488
9220
9387
9487
13944
13892
13767
13453
13799
13492
13417
10794
4255
8003
8004
4271
4300
15067
4333
4279
8110
4329
8181
15600
15924
16118
16258
16517
16570
16628
16871
17423
17545
17643
17678
17838
17517
11731
17541
9591
8726
9301
9320
9628
9794
18008
9887
10853
9355
9623
6185
11808
6162
6140
11904
18525
6210
6206
6190
11918
15071
18556
14962
10518
14736
15337
17012
11458
16065
17299
12696
17062
16922
16706
17668
13793
13762
17496
7501
13795
7445
13714
7560
17128
7560
7529
7571
15305
14426
9603
9677
9730
14309
14238
14339
14416
14343
14376
14316
14297
14256
14323
14384
14123
8080
8015
14169
8050
8052
8044
13973
14139
13827
7943
13880
13784
13759
7947
7687
13652
7787
7665
