1746
1803
2050
2053
2185
2181
1221
1214
1293
1301
1324
1961
11993
12054
12110
12491
12309
12652
12971
12882
13095
12982
13177
13255
13348
10739
13451
13405
10891
13390
13586
13647
13280
13623
13120
10632
5753
7683
10943
5312
5403
5402
7727
13555
5457
5376
7996
5405
13663
13785
13693
14087
13887
13860
14257
14244
14015
11042
14377
14171
14244
13794
14247
14515
11361
14364
14632
14693
14341
14430
14754
14714
14374
14648
14762
14824
14496
14888
14897
14583
14753
14867
11688
11599
11539
11032
11514
11312
11253
8987
9487
10706
13393
7178
9521
14846
6965
9726
13432
9747
10771
14937
15350
15369
11815
15458
15440
15428
15399
15501
15878
15865
15999
15990
15432
15597
15418
8051
6604
7546
7014
7712
8210
15628
8249
11195
7223
7845
10169
15655
10581
10523
15654
15412
10556
10581
10572
15671
10812
15500
10412
10552
10270
11225
12674
11916
7722
12764
12446
12229
12026
11804
12896
16400
12198
12778
10982
16364
10786
16364
10795
12154
10810
10803
10794
10141
12068
16199
16315
16390
16164
15992
16176
16101
15900
15914
15981
15811
15816
15903
15209
15144
10663
10544
14750
10516
10491
10488
14569
14726
14382
10366
14422
14076
14236
10108
10074
13871
10033
9922
