1819
1873
1934
1940
2014
2029
3069
3083
3219
2172
3265
2433
5834
5853
6142
6319
6199
6514
6613
6470
6666
6627
6928
6941
6706
6885
6798
6800
7014
6791
7079
7017
6923
6973
6873
7136
8365
10825
7060
7892
7906
9919
8693
7182
9993
9929
11153
7976
8045
8361
11610
11641
11616
11672
11918
11937
11762
11777
12007
11995
11995
8339
12003
12103
12039
12079
12159
11896
12112
12132
12302
11967
12170
12110
12365
12381
12276
12515
12214
12406
12530
12538
11647
11726
8151
11300
11771
11631
11503
11113
12783
11847
14660
13086
9949
9512
10109
13066
14765
10328
14822
6153
9827
10408
10556
10824
10917
11018
11083
11025
11530
11595
11645
11567
11610
17877
12268
9583
9269
13297
13268
13534
13541
12699
13626
11626
13421
13498
14821
17951
15245
14946
17977
13256
15044
15063
11309
18025
12030
13404
12072
11981
12072
12412
13645
12909
12903
13649
13373
13278
13081
12962
8846
20193
20183
12922
16036
20239
15983
20227
15949
12244
16104
16007
16097
6902
20796
20785
20803
20794
20901
20828
20880
20708
20603
20594
20422
20418
20273
14959
18501
13166
16189
16056
18228
16000
15981
16004
18144
18088
17925
16145
18085
17754
17839
15564
15672
17551
15553
15385
