1616
1586
1628
639
646
646
669
700
1144
5362
5382
5300
5329
5328
5342
5282
5361
5176
5184
5215
5223
5092
5145
5113
5167
5080
5004
5183
4983
5102
5039
3332
4981
4703
2820
3039
3073
2804
2863
3123
2488
1695
2850
3223
2558
2951
5067
5113
5146
3183
5175
5196
5196
5187
5215
5191
3270
5223
5248
5223
5268
5294
5240
5270
5202
5234
5307
5312
5311
5316
5312
5320
3605
3704
5149
6231
6367
5159
5168
6248
4238
3068
5155
5964
6011
2852
3017
2818
2665
2739
5678
5683
8981
5694
8515
5693
5602
9149
9022
8045
5458
8095
5809
10695
5555
10768
10774
6056
5802
5834
5864
9983
10814
10022
11698
11586
12055
11915
11942
11909
11888
7097
11727
12184
12097
6981
12198
8017
11655
13436
12935
11603
12928
13644
6699
13591
11160
11035
14417
14184
10967
14114
14209
13982
10715
9808
9078
9013
4702
8865
