1161
1179
1283
445
1061
1072
1078
1063
1785
6969
6980
6962
6968
5092
7016
6940
7009
6826
6851
6883
6908
6864
6898
6886
6926
6881
4995
6957
6830
6921
6897
6841
4994
6781
1524
2759
2782
1524
1548
2838
3232
1553
1588
3003
3312
1671
2733
6317
6287
4095
6337
6401
6366
6439
6426
6451
6437
6438
6460
6480
4194
6476
6450
4228
6462
6459
6469
6494
6498
6460
6489
6505
5047
5117
2755
5098
5196
2768
2779
5124
5263
2790
2775
5853
5998
3050
1629
3123
2967
2929
3293
3278
8283
3301
7627
3289
3194
8473
8037
7333
3159
4519
3238
9202
2942
9740
9654
3311
3221
3254
3252
8332
9831
8331
9206
9171
9473
9457
9469
9377
9353
9328
9308
10776
10689
5083
10765
10757
9306
11769
11658
9122
11613
11693
4795
11515
9066
4792
11458
11262
9032
11199
11276
11105
8700
8612
8578
8467
8429
8285
