1720
1706
914
1475
1484
1485
903
1574
2357
4502
6567
6608
6615
6655
6700
6316
6354
6371
6403
4433
6457
6406
6437
6377
6440
6358
6222
6423
6060
6293
6167
5936
5975
5766
4160
5053
4913
4130
4240
5202
1835
4162
4215
5375
633
4473
6180
11114
11126
11112
8377
11144
11138
11037
8376
10968
11157
11128
11180
10981
11182
11062
11160
11188
11065
11145
11016
11175
11155
8147
11161
11080
3491
3756
8565
9588
9592
6212
8648
9970
9806
8656
8592
3149
3194
6553
6938
6714
6771
6707
10823
10826
12764
10851
12752
10891
10807
12787
12779
4271
10794
4275
12204
14405
12129
14417
14425
8331
12280
12321
8316
5145
14548
5163
5819
5886
6350
6404
6536
6608
6631
6625
6663
14855
14840
6591
14780
14806
6647
14104
14131
6686
14066
9335
6641
13988
6431
6469
13920
13765
6340
9082
13764
13281
6124
6039
6002
5310
4233
3883
