739
281
751
464
463
436
473
483
947
3902
3912
3909
3921
3813
3829
2124
2177
3716
3724
3749
3749
3699
3721
3559
3718
3634
3509
3669
3503
3558
3504
3465
3488
3404
2088
2133
2149
2077
2141
2371
1510
2096
2149
2416
1538
2290
4143
5882
5855
5860
5827
5871
5869
5812
5862
5828
5873
5834
3737
5861
5937
5917
5839
3783
5825
5884
5910
5946
5947
5857
5957
5913
1658
1781
4216
5188
5205
4220
4286
5359
5226
4269
4240
2337
2346
2917
3144
2881
3079
2921
5174
3296
7075
5188
7163
5191
5105
7206
7189
2572
5077
2562
5462
7780
5507
7831
7840
5668
2714
5592
2744
2697
7910
2700
2820
2800
2852
2871
2898
1045
2917
2910
2928
7860
7865
2929
7846
7869
2710
7835
7919
2726
7678
7845
2717
7680
2670
2689
7675
7500
2514
7466
7441
6836
2413
2312
2280
2159
2105
1916
