728
735
1512
1789
7402
7503
7481
7607
7502
7675
7480
7733
7646
7677
7714
7815
7821
7830
7826
7816
7846
7429
4411
4863
3987
5046
4484
4492
5055
4611
4683
4715
7798
7975
8048
9876
11037
10995
11019
9822
8092
9879
9910
11085
11064
9935
8117
11101
11103
11115
11119
11047
11096
11147
11081
8181
8008
8199
8925
8148
8937
8934
7300
6544
8956
7306
8805
7721
8844
8374
8830
7861
8748
8307
8757
8734
6708
8400
4562
4439
5966
5908
11200
10492
9363
9322
9321
11204
9376
9527
10504
10728
10669
10739
9483
9431
9360
10631
10544
10504
