1868
1878
1913
1392
1407
1403
1486
1517
1992
5968
5997
6048
6095
6153
6142
6024
6126
6118
6131
6176
6235
6186
6264
6282
6295
6271
6175
6333
6133
6245
6132
6129
6181
6034
3490
4373
4373
3486
3560
4501
3664
3515
3563
4719
3733
3622
5767
7189
7175
7145
7268
7290
7307
7325
7380
7494
7387
7379
7433
7545
7502
7596
7445
7501
7458
7449
7652
7530
7548
7641
7632
7718
5621
5860
5848
7525
7491
5907
5873
7520
7585
5928
5900
6232
6293
5861
6209
5970
6124
6023
7468
7459
10285
7403
10197
7507
7366
10403
10259
8247
7365
8236
8029
11806
7871
11968
12130
8266
8100
8176
8220
9652
12091
9643
10726
10601
10876
10753
10799
10799
10798
10709
10672
13177
12943
10605
13232
13061
10583
13627
13345
10529
13446
13745
10373
13604
10115
10052
13710
13546
9773
13603
13622
13496
9275
8994
8629
7985
7705
7305
