1874
1931
1992
1995
2069
2084
3123
3144
3278
2786
3322
3138
5891
5911
6199
6374
6256
6568
6667
6526
6721
6682
6982
6994
6760
6940
6852
6854
7069
6849
7133
7072
6979
7026
6993
7192
9514
10880
7114
8994
9039
9976
9827
7236
10049
9984
11211
9048
8106
8416
11665
11699
11677
11727
11974
11992
11817
11832
12062
12054
12050
8398
12061
12158
12105
12134
12213
11958
12169
12188
12357
12026
12226
12165
12422
12505
12331
12577
12275
12463
12589
12600
11702
11781
10035
11354
11826
11687
11558
11166
12840
13397
14716
13140
11444
9567
11644
13122
14817
11856
14874
8047
9883
10464
10614
10879
10973
11073
11139
11080
11585
11650
11700
11622
11665
17929
12324
11705
11287
13353
13324
13589
13603
12754
13689
11685
13479
13554
14874
18003
15305
15029
18029
13311
15097
15116
13357
18077
12086
13461
12129
12044
12127
12541
13704
12963
12957
13707
13439
13331
13140
13013
11434
20245
20235
12980
16089
20292
16036
20279
16004
12299
16157
16059
16150
9274
20848
20838
20856
20847
20954
20895
20933
20768
20657
20647
20482
20471
20328
17861
18564
16059
16239
16106
18291
16050
16031
16054
18201
18146
17979
16195
18140
17816
17898
15614
15722
17619
15606
15442
