1286
1298
1401
903
1182
1196
1192
1180
1895
7082
7093
7072
7086
6214
7132
7052
7119
6944
6963
6993
7022
6977
7007
6995
7046
6998
6092
7070
6944
7039
7009
6952
6116
6889
1634
2875
2892
1637
1664
2948
3349
1672
1706
3110
3425
1781
2845
6429
6408
5366
6459
6511
6478
6550
6539
6569
6549
6549
6570
6590
5520
6587
6561
5540
6574
6570
6579
6610
6611
6576
6599
6617
5162
5243
2864
5205
5307
2881
2889
5235
5374
2902
2892
5968
6112
3199
2632
3250
3084
3050
3403
3396
8391
3413
7734
3399
3309
8580
8150
7446
3282
6143
3350
9314
3131
9851
9833
3423
3333
3364
3364
8445
9939
8446
9318
9286
9587
9571
9583
9491
9468
9445
9431
10886
10799
7461
10878
10871
9420
11884
11770
9242
11737
11810
7191
11633
9183
7179
11570
11390
9139
11335
11391
11228
8813
8722
8687
8578
8537
8394
