2326
2400
2597
2576
2635
2648
2742
2825
2844
2835
2862
3421
9367
9407
9541
9799
9772
9687
9963
10126
10080
10123
10211
10308
10370
10429
10433
10457
10543
10491
10646
10665
10388
10695
10321
10602
7464
7511
10757
5495
5564
5553
7499
10787
5612
5535
7667
5622
11419
11548
11974
12230
12106
12131
12395
12426
12253
12342
12574
12436
12496
11681
12483
12740
12667
12614
12835
12772
12691
12801
12896
12714
12748
12862
12939
12950
12903
12963
12963
12992
12984
13030
12137
12107
12039
11803
12168
11912
11849
11470
9005
11554
11515
9057
9022
13403
9089
9031
11678
9105
11682
13498
13930
13909
14125
14185
14160
14278
14242
14360
14861
14839
14760
14782
14461
15499
14508
11800
10929
11402
11281
11504
11915
14844
11901
12229
11362
11737
11787
15566
11827
11770
15634
15069
11780
11826
11818
15644
12285
15209
12398
12578
12128
13078
14289
13609
13528
14365
14190
14025
13673
13442
14258
17586
17636
14055
13177
17833
13190
17866
13163
13432
13269
13172
13194
11724
18395
18402
18517
18452
18569
18523
18586
18580
18565
18619
18616
18594
18533
18627
17948
17900
13455
13440
17777
13400
13411
13331
17705
17679
17502
13505
17556
17359
17281
13224
13251
17051
13315
13033
