939
723
945
631
634
618
641
653
1117
4069
4075
4072
4086
3977
3994
3160
3185
3888
3892
3915
3913
3863
3885
3790
3883
3802
3675
3840
3665
3726
3666
3640
3652
3561
2252
2302
2311
2241
2309
2536
1677
2267
2320
2576
1705
2455
4308
6047
6025
6028
6005
6042
6037
5979
6031
6000
6038
6003
5053
6023
6101
6085
6013
5092
6002
6052
6072
6116
6108
6021
6121
6077
1827
1942
4383
5350
5367
4388
4450
5528
5396
4438
4414
2503
2512
3113
3327
3123
3263
3132
5336
4457
7239
5354
7324
5353
5271
7367
7354
2739
5249
2739
5649
7944
5677
7993
8006
5832
4399
5773
4424
2862
8072
2866
2988
2981
3032
3048
3076
2194
3098
3096
3112
8022
8028
3113
8010
8036
2890
8005
8084
2903
7884
8012
2886
7853
2836
2859
7848
7675
2742
7643
7625
7275
2584
2483
2455
2324
2283
2145
