3034
3117
3465
3473
3116
3649
1809
2245
2263
2270
2275
3142
13201
13300
13376
13608
13602
13328
13358
13909
13462
13710
13381
13459
12549
13557
13831
13535
13743
13506
12526
13884
13315
13912
13047
13508
7004
7033
13968
4815
4950
4905
7086
13881
4973
4891
7413
5032
15356
15556
17121
17208
17188
17168
17265
17329
17265
17301
17453
15707
17362
15074
17381
17476
17218
17451
17511
16954
15854
17321
17446
16519
17567
17252
17400
17075
17564
17024
15302
17600
17418
16661
12939
12802
12592
12162
12720
12309
12173
11722
9355
13652
13625
9412
9441
15396
9481
9425
13919
9476
13774
15603
15848
17590
16018
17707
17658
17692
17664
17970
18494
18345
18267
18012
17350
18749
17126
9068
8036
8603
8276
8762
9232
17446
9166
11823
8608
9020
11100
18759
12901
12875
19014
17015
12951
12967
12933
18988
10934
17205
10508
10784
10177
11745
14325
13162
12688
14360
14181
13694
13350
12560
13941
20448
20454
13765
14407
20514
14403
20500
14488
12707
14487
14439
14482
8927
21663
21694
21702
19099
21779
21736
19182
21730
21692
21719
21895
21620
21782
21731
21511
21144
12996
15463
21361
15300
15427
15302
21363
21068
21163
15503
18518
20559
21017
15066
15162
20353
15222
14973
