1024
1052
1100
1103
1116
1131
675
673
692
685
706
1008
9907
9955
10158
10542
10307
10958
11390
10762
11722
11200
11919
12014
11679
12154
12045
12221
10884
12173
12253
12352
12227
12301
11900
11111
5005
5019
12499
2075
2135
2101
5020
12491
2149
2100
5158
2165
12943
13222
7958
8431
8179
8094
8828
8776
8248
8407
9001
8500
8735
12352
8673
9219
9340
8994
9383
9513
7449
9178
9469
9525
8986
9479
9513
9526
9224
9468
9597
9336
9495
9595
14046
13993
13869
13554
13903
13601
13524
12076
4365
8110
8113
4382
4410
15177
4441
4389
8218
4439
8287
15714
16035
16229
16370
16627
16681
16741
16996
17534
17658
17753
17788
17949
17628
11837
17727
9708
8919
9415
9427
9738
9899
18119
10029
13098
9508
9757
6297
11913
6277
6250
12010
18637
6318
6317
6303
12023
15175
18668
15066
13049
14837
15518
17125
14091
16166
17402
15343
17172
17031
16810
17776
13898
13868
17606
7609
13901
7586
13821
7670
17232
7667
7635
7678
15412
14532
12282
12384
12439
14417
14358
14448
14530
14454
14488
14432
14413
14366
14438
14493
14236
8189
8124
14278
8156
8160
8150
14090
14251
13940
8051
13993
13896
13868
8055
7795
13764
7895
7778
