1848
1842
1873
861
874
871
894
926
1372
5583
5604
5520
5551
5548
5566
5502
5581
5406
5409
5440
5446
5316
5364
5334
5394
5322
5242
5413
5216
5349
5266
4415
5215
4946
3039
3265
3291
3023
3082
3342
2709
2526
3082
3437
2779
3170
5286
5357
5383
4441
5409
5428
5424
5418
5445
5426
4547
5453
5480
5459
5497
5510
5471
5493
5438
5462
5527
5535
5528
5538
5532
5544
3854
3935
5368
6447
6583
5379
5385
6477
5657
4410
5383
6181
6233
3113
3299
3098
2973
2985
5899
5902
9200
5912
8730
5912
5821
9362
9241
8264
5677
8319
6025
10919
5783
10982
10996
6274
6017
6053
6081
10201
11029
10239
11915
11819
12285
12168
12173
12143
12131
9856
11968
12397
12312
9724
12414
10449
11886
13656
13153
11840
13152
13862
9394
13812
11387
11265
14652
14415
11194
14345
14432
14217
10940
10033
9308
9231
7198
9097
