1781
1768
1423
1531
1544
1542
1300
1633
2411
5657
6623
6662
6673
6711
6759
6369
6407
6430
6460
5559
6510
6458
6489
6431
6495
6414
6278
6477
6115
6348
6221
5996
6030
5820
4214
5110
4967
4184
4294
5255
1905
4222
4279
5428
1353
4526
7460
11168
11180
11172
9884
11199
11195
11091
9905
11022
11212
11182
11235
11035
11243
11117
11214
11242
11120
11202
11070
11231
11209
9703
11215
11136
3574
3812
8618
9641
9645
7524
8700
10025
9861
8710
8652
3205
3250
6659
7001
6780
6860
6792
10877
10881
12817
10905
12805
10944
10862
12840
12833
4327
10851
4336
12260
14462
12187
14473
14482
10517
12334
12379
10491
5201
14601
5219
5875
5943
6406
6460
6595
6664
6690
6692
6723
14909
14897
6650
14840
14862
6704
14169
14204
6749
14125
11927
6703
14043
6500
6523
13981
13860
6417
11621
13824
13529
6181
6095
6055
5372
4291
3940
