1968
2029
2271
2274
2409
2407
1438
1434
1513
1516
1549
2183
12211
12272
12332
12710
12527
12870
13193
13102
13312
13199
13393
13473
13565
12361
13667
13622
12510
13603
13802
13863
13494
13841
13329
12314
6905
7901
12596
5528
5619
5619
7940
13775
5676
5594
8218
5624
13892
14002
13928
14309
14116
14083
14481
14464
14240
12916
14594
14393
14472
14014
14468
14733
13280
14589
14850
14925
14564
14656
14970
14935
14605
14867
14991
15043
14720
15120
15117
14805
14974
15084
11899
11807
11748
11240
11724
11520
11459
10111
9711
12352
13612
8762
9738
15066
8553
9943
13648
9970
12415
15160
15571
15589
13983
15678
15665
15650
15623
15721
16100
16085
16216
16207
15655
15812
15637
8274
6911
7769
7239
7935
8429
15847
8475
11404
7442
8063
10386
15868
10803
10738
15874
15636
10772
10796
10793
15886
11017
15723
10629
10771
10482
11434
12899
12132
10045
12980
12660
12442
12234
12011
13121
16613
14632
13000
11196
16581
11000
16581
11010
12373
11024
11017
11008
10357
14575
16424
16536
16612
16379
16219
16391
16323
16118
16135
16209
16033
16058
16127
15426
15356
10869
10754
14969
10725
10701
10695
14786
14945
14593
10571
14647
14294
14457
10320
10287
14096
10243
10135
