56
63
60
106
116
114
109
94
139
90
66
106
113
54
83
72
52
95
125
71
104
105
99
72
104
66
69
66
67
86
119
97
80
103
113
81
118
101
81
116
264
104
92
78
251
101
131
81
108
136
102
102
88
97
97
93
108
113
102
94
73
93
82
84
74
98
85
112
88
98
121
88
252
208
95
88
110
110
116
151
145
104
128
254
230
265
237
262
237
220
159
145
155
196
150
116
167
147
198
230
124
268
197
211
239
186
183
181
184
207
150
254
204
282
230
247
218
289
212
227
212
222
219
192
232
238
220
232
208
223
222
190
205
229
202
164
261
219
200
196
225
229
221
208
228
218
267
336
338
321
