105
138
97
124
104
117
196
126
112
173
145
170
99
106
111
119
104
123
90
131
108
99
122
127
109
115
109
135
122
115
102
123
129
137
150
147
132
135
128
131
135
140
130
101
121
149
152
137
147
156
145
125
147
113
106
142
120
133
138
109
130
147
145
99
151
171
118
148
130
111
136
128
140
141
151
133
129
148
140
131
152
123
161
158
155
136
150
168
201
175
110
125
148
123
119
244
132
133
150
128
142
219
200
176
211
175
214
114
185
182
166
143
179
171
164
172
177
254
299
252
279
314
232
185
256
197
263
201
148
151
169
155
197
206
181
168
184
162
251
265
214
228
217
198
233
208
278
192
265
218
231
207
237
217
170
260
235
195
176
173
218
212
189
216
222
277
224
225
191
202
180
217
203
204
197
215
198
174
204
183
233
200
233
201
180
199
176
201
191
227
186
222
178
226
231
203
218
227
187
252
