0.401077917372
0.947641012221
0.281314857262
0.133395344922
0.13339042137
0.133388958749
0.1333950496
0.133397179156
0.133390593641
0.133393056825
0.133395342718
0.133398588693
0.13338664346
0.133389120624
0.284369486419
0.133391684638
0.671781958451
0.133396554884
0.133388129332
0.13338901424
0.133391525176
0.13339384153
0.133393067939
0.133397919041
0.133391016588
0.133398984911
0.133389138764
0.133393432405
0.133397379271
0.539512905354
0.555763849708
0.133388786025
0.4018294251
0.268285068213
0.133388528438
0.133394666218
0.5345412766
0.41204142293
1.080409798311
0.133398489352
0.133387827104
0.133388111643
0.133392815821
0.269646110495
0.133396707644
0.13339703688
0.270728808455
0.133396115947
0.133398284675
0.281706181879
0.133395590111
0.13339244015
0.133392185474
0.409301603166
0.133390343847
